0 0 1
0.9918944425900298 0.04345865564545356 -0.11940167506573783 -1.7038232039817223
7.38421665810668e-18 -0.9396926207859083 -0.3420201433256686 1.2380193956460008
-0.12706460860134952 0.33924787941857615 -0.9320758883004028 0.5648534678511549
0.0 0.0 0.0 1.0
1 1 2
0.9928259347011054 0.040645261433375775 -0.11244832638989766 -1.6927275038926612
-7.378270905231952e-18 -0.9404498686795087 -0.3399324116654587 1.2505843097765827
-0.11956865552843028 0.33749371434695996 -0.933703019911265 0.5635077451918895
0.0 0.0 0.0 1.0
2 2 3
0.993685114731035 0.03786583841895872 -0.1056223037184816 -1.6802636043356203
0.0 -0.9413358964174752 -0.3374710804141718 1.2623488467165442
-0.11220469135455015 0.3353399892597626 -0.9353914682320406 0.5621214686900928
0.0 0.0 0.0 1.0
3 3 4
0.9944777350848435 0.035126441494006566 -0.09889472952836285 -1.6666847290766755
0.0 -0.9423233057912803 -0.33470402949859024 1.2734611387603596
-0.10494776996449193 0.33285570517952867 -0.9371195468609747 0.5607021439741291
0.0 0.0 0.0 1.0
4 4 5
0.995208759955677 0.03243117751372522 -0.09223742641984999 -1.652244101881903
0.0 -0.9433851605894166 -0.3316993198360238 1.284069318202503
-0.09777281885822867 0.3301100687721507 -0.9388651758307801 0.559257276672362
0.0 0.0 0.0 1.0
5 5 6
0.9958823892414076 0.029782344788135257 -0.08562288676368189 -1.6371949465173792
0.0 -0.9444951841385061 -0.3285252610366052 1.2943215173374485
-0.09065465679613849 0.32717252188729146 -0.9406061206068584 0.5577943724131561
0.0 0.0 0.0 1.0
6 6 7
0.996502076135792 0.027180533480706325 -0.07902424220934146 -1.6217904867491797
-3.668934603790993e-18 -0.9456279074499572 -0.3252504583422062 1.3043658684596708
-0.08356800977082356 0.3241127570021264 -0.9423201730258269 0.5563209368248755
0.0 0.0 0.0 1.0
7 7 8
0.9970705383369319 0.024624687687312664 -0.07241523552957174 -1.6062839463433811
-7.32910445704524e-18 -0.9467587676741445 -0.3219438395623304 1.3143505038636436
-0.07648752565288695 0.32100071742667163 -0.9439852741600693 0.5548444755358841
0.0 0.0 0.0 1.0
8 8 9
0.997589762827179 0.02211212991002434 -0.06577019699875407 -1.5909285490660592
3.6602786677976565e-18 -0.9478641564854229 -0.3186746630188496 1.324423555843842
-0.06938778784781018 0.3179065815000054 -0.9455795790606771 0.5533724941745461
0.0 0.0 0.0 1.0
9 9 10
0.9980610041889784 0.01963854859566998 -0.059064027346122476 -1.5759775186832903
-7.31240097693996e-18 -0.9489214179842425 -0.31551250766138317 1.3347331566947398
-0.0622433282953924 0.3149007302307028 -0.9470814633297825 0.5519124983692253
0.0 0.0 0.0 1.0
10 10 11
0.9984847764308222 0.017197949385689706 -0.05227218928664069 -1.5616840789611504
3.6524000700317015e-18 -0.9499087957041633 -0.3125272465623859 1.3454274387108112
-0.055028640142121804 0.31205369791238435 -0.9484694715083429 0.5504719937482865
0.0 0.0 0.0 1.0
11 11 12
0.9988608383068205 0.014782570728077874 -0.045370709710840666 -1.5483014536657156
-1.824478075854136e-18 -0.9508053283483222 -0.3097890049443961 1.356654534186531
-0.04771819042038368 0.3094361051769952 -0.9497222073405968 0.5490584859400931
0.0 0.0 0.0 1.0
12 12 13
0.9991881721227321 0.012382764540803512 -0.03833619480804362 -1.5360828665630621
0.0 -0.9515906939484267 -0.3073681037302855 1.3685625754163724
-0.0402864330765737 0.3071185737350944 -0.9508181660953309 0.5476794805730096
0.0 0.0 0.0 1.0
13 13 14
0.99946495603099 0.0099868426963525 -0.03114586070298508 -1.525281541419266
-1.8217196959838096e-18 -0.952245002236735 -0.30533498933984043 1.3812996946948108
-0.032707822703008524 0.30517162169526646 -0.9517355092912683 0.5463424832754
0.0 0.0 0.0 1.0
14 14 15
0.9996885298276639 0.007580890227703618 -0.02377758260125606 -1.5161507020004035
-9.103784534875353e-19 -0.9527485351456411 -0.30376015008199303 1.3950140243163198
-0.024956829345973562 0.30366553785569816 -0.9524517823952062 0.5450549996756283
0.0 0.0 0.0 1.0
15 15 16
0.9998553542758345 0.0051485463479262 -0.016209965960755746 -1.5089435720725504
-9.10060468792714e-19 -0.9530814354996056 -0.3027140190113624 1.4098536965753747
-0.01700795478432384 0.3026702327228675 -0.9529435763451788 0.5438245354020589
0.0 0.0 0.0 1.0
16 16 17
0.9999609639928815 0.0026707546421015768 -0.008422443829962491 -1.503913375401783
4.5496249295584815e-19 -0.9532233441412242 -0.3022668625308127 1.4259668437664483
-0.00883575069969611 0.30225506323941526 -0.9531861341079768 0.542658596083056
0.0 0.0 0.0 1.0
17 17 18
0.9999999139542193 0.00012548414810061714 -0.00039540521316672184 -1.5013133357541777
2.8437254786962006e-20 -0.9531529859402889 -0.302488653329528 1.443501598184016
-0.0004148391905593761 0.30248862730165577 -0.9531529039254961 0.5415646873469829
0.0 0.0 0.0 1.0
18 18 19
0.9999657196834844 -0.00251257648767741 0.007889639870418018 -1.5013966768958102
-4.551418516796666e-19 -0.952847705377423 -0.30344892545036245 1.4626060921225517
0.008280063882079594 0.3034385231251517 -0.9528150414564914 0.5405503148222044
0.0 0.0 0.0 1.0
19 19 20
0.9998507912196598 -0.005272348987506428 0.016449852083656014 -1.5044166225927569
-1.82164709668808e-18 -0.9522829526809512 -0.30521660838370085 1.4834284578765295
0.017274122189570792 0.3051710673858244 -0.9521408637030427 0.5396229841370845
0.0 0.0 0.0 1.0
20 20 21
0.9998157121216442 -0.005868568008885075 0.018278449174219613 -1.5054443154637165
-1.821940892908255e-18 -0.9521293927421387 -0.3056953049631055 1.4880193956460008
0.019197442399690616 0.3056389690239305 -0.95195392683643 0.5394405461308848
0.0 0.0 0.0 1.0
21 21 22
0.9997254336388864 -0.007190148513869412 0.022301549271045884 -1.5085115032501988
0.0 -0.9517572310636983 -0.3068520378259885 1.4981835692910237
0.023431972506393603 0.3067677865785623 -0.9514959105441018 0.5389921199097402
0.0 0.0 0.0 1.0
22 22 23
0.9996097038405021 -0.0086101040999121 0.02657641991113002 -1.5130000766157472
-1.8234906277921382e-18 -0.9513202039745008 -0.3082042658853288 1.509007000068364
0.02793635602407786 0.3080839749440128 -0.9509489073524364 0.5384183730927699
0.0 0.0 0.0 1.0
23 23 24
0.9994654506916245 -0.010126357829486116 0.031084879779356152 -1.5188279493378445
0.0 -0.9508200999639053 -0.30974366418803295 1.5204545006658947
0.032692703678157596 0.3095780909265675 -0.9503118397370803 0.5377293482814618
0.0 0.0 0.0 1.0
24 24 25
0.9992897398419158 -0.011736848617653417 0.03580868932538839 -1.5259130351939738
-1.825527695387091e-18 -0.950258645957694 -0.3114618849597004 1.5324908837714888
0.03768309762580429 0.31124066599205175 -0.9495837151015954 0.5369350880773018
0.0 0.0 0.0 1.0
25 25 26
0.9990798180582973 -0.013439477928383042 0.040729566430447 -1.5341732479616177
0.0 -0.949637523102124 -0.31335056201714817 1.5450809620730197
0.042889592544109 0.31306222248855753 -0.9487636838022021 0.5360456350817778
0.0 0.0 0.0 1.0
26 26 27
0.9988331535060816 -0.015232059750299702 0.045829202620813796 -1.5435265014182593
0.0 -0.9489583818503685 -0.3154013150193417 1.5581895482583592
0.04829421763623784 0.31503329010073416 -0.947851093089632 0.5350710318963766
0.0 0.0 0.0 1.0
27 27 28
0.9985474728642599 -0.01711227389914334 0.05108927987749156 -1.5538907093413816
0.0 -0.9482228563448255 -0.31760575357707305 1.5717814550153821
0.05387897954118996 0.3171444226015352 -0.9468455369152556 0.5340213211225854
0.0 0.0 0.0 1.0
28 28 29
0.9982207952603562 -0.01907762268658226 0.056491488052720744 -1.5651837855084676
0.0 -0.9474325780896651 -0.31995548123820394 1.5858214950319598
0.05962586611347703 0.31938621492950986 -0.9457469015562349 0.532906545361891
0.0 0.0 0.0 1.0
29 29 30
0.9978514630105275 -0.021125390986896603 0.06201754286813065 -1.577323643697
3.66520872264872e-18 -0.9465891889088283 -0.32244209936192664 1.6002744809959664
0.06551685102131875 0.3217493205844844 -0.944555407022623 0.53173674721578
0.0 0.0 0.0 1.0
30 30 31
0.9974381691514294 -0.023252609724324594 0.06764920443621447 -1.5902281976844619
-3.668676819595149e-18 -0.9456943531854842 -0.3250572108923113 1.615105225595274
0.07153389909577482 0.3242244693018971 -0.9432716442181747 0.5305219692857404
0.0 0.0 0.0 1.0
31 31 32
0.9969799817517669 -0.02545602279448816 0.0733682962166422 -1.6038153612483361
3.672344851940486e-18 -0.9447497693797303 -0.3277924240383636 1.630278541517756
0.07765897234863757 0.32680248493613523 -0.9418966078361896 0.5292722541732587
0.0 0.0 0.0 1.0
32 32 33
0.9964763649934079 -0.027732057423287132 0.07915672429172481 -1.6180030481661054
-3.676207209286143e-18 -0.9437571808220575 -0.33063935586496956 1.645759241451286
0.0838740365639131 0.32947430345608664 -0.9404317249819902 0.5279976444798221
0.0 0.0 0.0 1.0
33 33 34
0.9959271970143454 -0.030076797955992815 0.08499649682112632 -1.6327091722152531
-3.680258075246875e-18 -0.9427183857808342 -0.33358963579640516 1.6615121380837359
0.09016106835629972 0.3322309909317501 -0.9388788795245946 0.526708182806918
0.0 0.0 0.0 1.0
34 34 35
0.9953327845086531 -0.03248596305807718 0.09086974351477184 -1.6478516471732618
0.0 -0.9416352468027638 -0.33663490903157717 1.6775020441029793
0.096502062580295 0.33506376136921684 -0.9372404321916873 0.5254139117560325
0.0 0.0 0.0 1.0
35 35 36
0.9946938740817707 -0.03495488629767198 0.0967587349447867 -1.6633483868176149
-7.377801535571645e-18 -0.9405096993259783 -0.3397668398678101 1.693693772196889
0.10287903996538199 0.3379639942326327 -0.9355192364340383 0.5241248739286536
0.0 0.0 0.0 1.0
36 36 37
0.9940116603629293 -0.037478500067617916 0.10264590150227047 -1.6791173049257946
-7.38695906928939e-18 -0.9393437595661045 -0.3429771149278277 1.7100521350533389
0.1092740548462088 0.34092325147589736 -0.9337186500978598 0.5228511119262677
0.0 0.0 0.0 1.0
37 37 38
0.993287790880185 -0.040051322792992824 0.10851385179272445 -1.6950763152752844
0.0 -0.9381395316763197 -0.3462574462825825 1.7265419453602004
0.11566920285176116 0.3439332938938407 -0.931842542956143 0.5216026683503624
0.0 0.0 0.0 1.0
38 38 39
0.9925243677072684 -0.04266744935799385 0.11434539025500845 -1.711143331643567
-7.406233027911753e-18 -0.936899214183071 -0.3495995744607594 1.7431280158053477
0.12204662841425465 0.34698609659239527 -0.9298953001624891 0.5203895858024242
0.0 0.0 0.0 1.0
39 39 40
0.991723945895214 -0.045320544674289844 0.12012353378273842 -1.7272362678081252
-1.4832637263869497e-17 -0.9356251056997844 -0.35299527133414615 1.7597751590766535
0.1283885319568185 0.35007386336985113 -0.9278818217032165 0.5192219068839404
0.0 0.0 0.0 1.0
40 40 41
0.9908895287053592 -0.04800384030167986 0.1258315271240156 -1.7432730375464425
1.4853362447332292e-17 -0.9343196099215197 -0.3564363428665759 1.7764481878619904
0.13467717661902132 0.35318903979652316 -0.9258075179353098 0.5181096741963982
0.0 0.0 0.0 1.0
41 41 42
0.9900245596637498 -0.05071013402131671 0.13145285683520957 -1.759171554636001
7.43730297879113e-18 -0.932985239904141 -0.3599146317128719 1.793111914849232
0.14089489438087532 0.35632432477807663 -0.9236783013088754 0.5170629303412847
0.0 0.0 0.0 1.0
42 42 43
0.9891329114601113 -0.05343179225210446 0.13697126356711323 -1.7748497328542843
-7.448165004216611e-18 -0.9316246216321642 -0.36342201965308435 1.8097311527262512
0.1470240914491351 0.35947268038816915 -0.9215005743829472 0.5160917179200862
0.0 0.0 0.0 1.0
43 43 44
0.9882188717172851 -0.056160755192403086 0.14237075246705388 -1.790225485978775
1.491849457678963e-17 -0.9302404968800058 -0.36695042984637594 1.8262707141809202
0.15304725277448195 0.3626273397589584 -0.9192812142524859 0.5152060795342909
0.0 0.0 0.0 1.0
44 44 45
0.9872871256592655 -0.05888854456208066 0.14763560148834573 -1.8052167277869562
1.4941057313722462e-17 -0.9288357253718945 -0.37049182888812315 1.8426954119011127
0.1589469455745086 0.36578181282319944 -0.9170275535120566 0.5144160577853849
0.0 0.0 0.0 1.0
45 45 46
0.986342735707629 -0.0616062738144785 0.1527503674086772 -1.8197413720563107
-7.481986733221319e-18 -0.9274132862461966 -0.37403822865320907 1.8589700585747024
0.16470582174528736 0.3689298897090419 -0.9147473578876757 0.5137316952748555
0.0 0.0 0.0 1.0
46 46 47
0.985391118037147 -0.06430466068420589 0.15769988937152357 -1.8337173325643215
0.0 -0.92597627883036 -0.37758168790803287 1.8750594668895608
0.17030661905369865 0.3720656415980496 -0.9124488006725254 0.5131630346041903
0.0 0.0 0.0 1.0
47 47 48
0.9844380161216362 -0.06697404193504555 0.16246928977926897 -1.8470625230884712
1.501067460114002e-17 -0.924527922733098 -0.38111431367349974 1.8909284495335617
0.1757321610135644 0.3751834188682991 -0.9101404341044282 0.5127201183748754
0.0 0.0 0.0 1.0
48 48 49
0.983489471300568 -0.06960439017282674 0.16704397238331656 -1.859694857406243
0.0 -0.9230715572607647 -0.384628262321149 1.9065418191945784
0.18096535536098984 0.37827784635748296 -0.9078311578229814 0.5124129891883984
0.0 0.0 0.0 1.0
49 49 50
0.982551790395577 -0.07218533259105273 0.1714096174348601 -1.8715322492951203
0.0 -0.9216106401651888 -0.38811574038463165 1.9218643885604831
0.1859891910580988 0.3813438155956248 -0.9055301845419205 0.5122516896462468
0.0 0.0 0.0 1.0
50 50 51
0.981631510403747 -0.07470617152250701 0.17555217378007115 -1.8824926125325854
0.0 -0.9201487457304366 -0.3915690050689717 1.93686097031915
0.19078673376956412 0.3843764738731471 -0.9032470030674816 0.5122462623499067
0.0 0.0 0.0 1.0
51 51 52
0.9807353602913723 -0.07715590667812174 0.17945784780507432 -1.8924938608961213
0.0 -0.9186895622061422 -0.3949803644404197 1.9514963771584504
0.1953411197729558 0.3873712100274925 -0.9009913387861639 0.5124067499008655
0.0 0.0 0.0 1.0
52 52 53
0.9798702199078083 -0.07952325896515437 0.18311308915908972 -1.901453908163211
0.0 -0.9172368885951122 -0.3983421772802347 1.9657354217662584
0.1996355482819224 0.3903236368501387 -0.8987731117352461 0.5127431949006105
0.0 0.0 0.0 1.0
53 53 54
0.9790430760340056 -0.08179669579027003 0.18650457320845093 -1.9092906681113377
0.0 -0.9157946308029019 -0.4016468525864187 1.979542916830447
0.20365327218061688 0.3932295700355842 -0.8966023923566996 0.5132656399506289
0.0 0.0 0.0 1.0
54 54 55
0.9782609755744472 -0.08396445776948076 0.18961918019970359 -1.9159220545179836
0.0 -0.9143667971569691 -0.40488684870826047 1.992883675038889
0.20737758718851607 0.3960850036146064 -0.8944893550196596 0.5139841276524071
0.0 0.0 0.0 1.0
55 55 56
0.9775309758944619 -0.08601458678607561 0.19244397113664388 -1.9212659811606323
0.0 -0.9129574933028115 -0.40805467209952007 2.0057225090794573
0.21079181949691683 0.39888608183573854 -0.892444229378459 0.5149087006074322
0.0 0.0 0.0 1.0
56 56 57
0.9768600922973876 -0.0879349553596576 0.1949661604038879 -1.9252403618167664
1.522403529649559e-17 -0.9115709164842105 -0.4111428756772231 2.018024231640025
0.21387931194189758 0.40162906748146543 -0.89047724961238 0.5160494014171917
0.0 0.0 0.0 1.0
57 57 58
0.9762552426278583 -0.08971329731412932 0.19717308519838106 -1.9277631102638693
0.0 -0.9102113492143136 -0.41414405677428107 2.029753655408465
0.21662340880343794 0.4043103066290613 -0.8885986015698498 0.5174162726831729
0.0 0.0 0.0 1.0
58 58 59
0.9757231889787145 -0.09133723975986219 0.1990521718601865 -1.9287521402794232
-1.526905606295726e-17 -0.9088831523437769 -0.41705085467558833 2.0408755930726503
0.21900743934672126 0.4069261898903635 -0.8868183678138967 0.5190193570068621
0.0 0.0 0.0 1.0
59 59 60
0.9752704764698112 -0.0927943364352142 0.20059089922500317 -1.9281253656409116
0.0 -0.9075907575315998 -0.4198559477287616 2.0513548573204545
0.22101470024943384 0.4094731101901135 -0.8851464705374404 0.5208686969897467
0.0 0.0 0.0 1.0
60 60 61
0.9749033690575085 -0.09407210248488623 0.20177675915325888 -1.9258007001258173
-1.5311923052288892e-17 -0.9063386591235478 -0.42255205002239576 2.0611562608397502
0.2226284370881653 0.4119474171689906 -0.8835926122866117 0.5229743352333136
0.0 0.0 0.0 1.0
61 61 62
0.9746277823240196 -0.09515805078712604 0.20259721442447828 -1.9216960575116229
0.0 -0.9051314054422399 -0.42513190762650954 2.07024461631841
0.22383182508786212 0.41434536832520497 -0.8821662143979935 0.52534631433905
0.0 0.0 0.0 1.0
62 62 63
0.9744492131863353 -0.09603972997827943 0.2030396542211181 -1.9157293515758118
-1.5351983696352028e-17 -0.903973589492029 -0.4275882943918087 2.0785847364443066
0.224607949370747 0.4166630770377851 -0.8808763530217351 0.5279946769084429
0.0 0.0 0.0 1.0
63 63 64
0.9743726664553356 -0.09670476436137546 0.20309134746347546 -1.9078184960958664
1.5370751360953833e-17 -0.90286983908074 -0.4299140073064824 2.0861414339053144
0.22493978497526687 0.418896457645716 -0.8797316925672006 0.5309294655429794
0.0 0.0 0.0 1.0
64 64 65
0.9743700647852349 -0.09684392513376004 0.20303751134975911 -1.9053706003123738
0.0 -0.9025852843498606 -0.430511096808295 2.088019395646001
0.2249510543438658 0.41947712528786096 -0.8794520819861735 0.5317615691710088
0.0 0.0 0.0 1.0
65 65 66
0.9743916241626166 -0.09709204303830368 0.20281542826024473 -1.899572852904906
-3.077208455369199e-17 -0.9019725513622652 -0.43179337256267136 2.0919170771037736
0.22485764999603258 0.42073584559399513 -0.8788744992719764 0.5336677715322917
0.0 0.0 0.0 1.0
66 66 67
0.9744504497700985 -0.09727029693138521 0.2024470554928686 -1.8930975915547041
0.0 -0.901356749683627 -0.4330773716090086 2.095612769326221
0.224602584452745 0.4220124395496507 -0.8783274901325246 0.5357364928292897
0.0 0.0 0.0 1.0
67 67 68
0.9745455576613292 -0.09737955868234416 0.20193607303649494 -1.8859610616474138
1.540712865153889e-17 -0.9007381012832861 -0.43436260531562865 2.099110444087037
0.2241895538212446 0.4233061474245472 -0.877810315221927 0.5379631012011248
0.0 0.0 0.0 1.0
68 68 69
0.9746758921612165 -0.09742071177216471 0.20128614000358125 -1.878179508568679
3.083552563802556e-17 -0.9001168308738499 -0.4356485863372188 2.102414073159916
0.22362223780236284 0.4246161745570015 -0.8773221751812965 0.5403429647869189
0.0 0.0 0.0 1.0
69 69 70
0.9748403317979374 -0.09739465265206644 0.20050089559618112 -1.8697691777041443
0.0 -0.8994931659165755 -0.4369348286293691 2.105527628318552
0.22290430121486524 0.4259416933151291 -0.8768622163120915 0.5428714517257943
0.0 0.0 0.0 1.0
70 70 71
0.9750376950835469 -0.09730229207794469 0.19958396008332624 -1.8607463144394554
0.0 -0.8988673366241218 -0.43822084746193646 2.108455081336639
0.2220393955273803 0.4272818450468451 -0.8764295360878702 0.5455439301568735
0.0 0.0 0.0 1.0
71 71 72
0.9752667461454358 -0.09714455641717842 0.1985389357818856 -1.8511271641602565
0.0 -0.8982395759606854 -0.43950615943120525 2.111200403987872
0.22103116038896883 0.4286357420193486 -0.8760231885062336 0.5483557682192781
0.0 0.0 0.0 1.0
72 72 73
0.9755262002107531 -0.09692238892446774 0.1973694080336257 -1.8409279722521925
1.5460819240081205e-17 -0.8976101196395313 -0.44079028247082125 2.113767568045943
0.21988322515000921 0.4300024693485848 -0.8756421892826715 0.5513023340521307
0.0 0.0 0.0 1.0
73 73 74
0.9758147289457703 -0.09663675098350764 0.19607894617180222 -1.8301649841009084
0.0 -0.8969792061179308 -0.4420727358614718 2.116160545284548
0.21859921036566665 0.43138108691897714 -0.8752855208879609 0.5543789957945535
0.0 0.0 0.0 1.0
74 74 75
0.9761309656520207 -0.09628862331145135 0.194671104471205 -1.8188544450920487
-3.096521017420521e-17 -0.8963470765895203 -0.4433530402392888 2.1183833074773806
0.21718272927480536 0.4327706312935362 -0.8749521374306942 0.5575811215856683
0.0 0.0 0.0 1.0
75 75 76
0.9764735103208942 -0.09587900712325756 0.19314942307614744 -1.8070126006112583
0.0 -0.8957139749740928 -0.4446307176029456 2.120439826398135
0.21563738924776074 0.4341701176142465 -0.874640969386434 0.5609040795645979
0.0 0.0 0.0 1.0
76 76 77
0.9768409345482092 -0.09540892525316368 0.19151742890143805 -1.7946556960441822
0.0 -0.8950801479048336 -0.44590529131942475 2.1223340738205048
0.21396679319693784 0.43557854149245834 -0.874350928174907 0.5643432378704638
0.0 0.0 0.0 1.0
77 77 78
0.9772317863101323 -0.09487942323066978 0.1897786365019074 -1.7817999767764647
0.0 -0.8944458447130177 -0.4471762861284306 2.1240700215181847
0.21217454094473176 0.43699488088881705 -0.8740809105865777 0.5678939646423884
0.0 0.0 0.0 1.0
78 78 79
0.9776445946016525 -0.09429157030856884 0.1879365489065783 -1.7684616881937512
0.0 -0.893811317410175 -0.4484432281454225 2.1256516412648687
0.2102642305437862 0.438418097982088 -0.8738298030598395 0.5715516280194942
0.0 0.0 0.0 1.0
79 79 80
0.978077873938659 -0.09364646044069938 0.18599465841405619 -1.7546570756816862
0.0 -0.8931768206677425 -0.44970564486324116 2.1270829048342508
0.20823945954509418 0.4398471410260525 -0.8735964858099964 0.5753115961409031
0.0 0.0 0.0 1.0
80 80 81
0.9785301287245184 -0.0929452132072533 0.18395644734620117 -1.7404023846259145
0.0 -0.8925426117942135 -0.45096306515230705 2.1283677840000252
0.20610382620994078 0.4412809461934904 -0.8733798368111094 0.5791692371457373
0.0 0.0 0.0 1.0
81 81 82
0.9789998574818909 -0.09218897468561557 0.18182538875759935 -1.725713860412081
0.0 -0.8919089507097971 -0.45221501925936564 2.1295102505358856
0.20386093066214825 0.4427184394060895 -0.8731787356317142 0.5831199191731187
0.0 0.0 0.0 1.0
82 82 83
0.9794855569503735 -0.09137891826486574 0.17960494709879105 -1.7106077484258302
0.0 -0.8912760999186027 -0.453461038804752 2.1305142762155267
0.20151437597753802 0.4441585381489675 -0.8729920671253295 0.5871590103621701
0.0 0.0 0.0 1.0
83 83 84
0.9799857260504178 -0.09051624540222437 0.17729857883164143 -1.6951002940528073
0.0 -0.8906443244783584 -0.45470065677815835 2.1313838328126424
0.19906776920796465 0.44560015326834534 -0.872818724976608 0.5912818788520131
0.0 0.0 0.0 1.0
84 84 85
0.980498869713825 -0.08960218631988126 0.1749097329956482 -1.679207742678657
1.559277662187139e-17 -0.8900138919676829 -0.4559334075328738 2.1321228921009268
0.19652472233770404 0.4470421907507556 -0.8726576151039156 0.5954838927817702
0.0 0.0 0.0 1.0
85 85 86
0.9810235025809905 -0.08863800064079617 0.17244185172436372 -1.6629463396890236
0.0 -0.8893850724509168 -0.457158826778481 2.132735425854074
0.19388885317038015 0.4484835534820418 -0.8725076589190464 0.5997604202905638
0.0 0.0 0.0 1.0
86 86 87
0.9815581525649417 -0.0876249779622187 0.16989837071149072 -1.6463323304695527
1.561480813235112e-17 -0.8887581384405318 -0.4583764515719811 2.1332254058457782
0.1911637861450187 0.4499231429842672 -0.872367796444745 0.6041068295175153
0.0 0.0 0.0 1.0
87 87 88
0.9821013642820934 -0.08656443836583287 0.16728271962656163 -1.6293819604058886
1.5625792653389384e-17 -0.8881333648571249 -0.4595858203073296 2.133596803849733
0.1883531530801938 0.45135986112853343 -0.8722369892906287 0.6085184886017475
0.0 0.0 0.0 1.0
88 88 89
0.9826517023495336 -0.08545773286358602 0.16459832248045397 -1.612111474883676
-1.5636749690484652e-17 -0.8875110289870171 -0.460786472703362 2.133853591639633
0.18546059384560254 0.45279261182159547 -0.8721142234880787 0.6129907656823822
0.0 0.0 0.0 1.0
89 89 90
0.9832077545485505 -0.08430624377842323 0.16184859794131817 -1.5945371192885602
-1.564767416223956e-17 -0.8868914104374606 -0.46197794979008633 2.133999740989172
0.18248975696076042 0.4542203026640538 -0.8719985121846124 0.6175190288985416
0.0 0.0 0.0 1.0
90 90 91
0.9837681348540119 -0.08311138505930107 0.15903695960179556 -1.5766751390061855
-1.5658560919638542e-17 -0.8862747910894742 -0.4631597938933265 2.134039223672045
0.1794443001208413 0.4556418465778064 -0.8718888981982211 0.6220986463893485
0.0 0.0 0.0 1.0
91 91 92
0.9843314863291293 -0.08187460253001748 0.15616681619870132 -1.558541779422197
0.0 -0.885661455048313 -0.4643315486176928 2.1339760114619444
0.17632789065002535 0.4570561634003599 -0.8717844564321252 0.6267249862939247
0.0 0.0 0.0 1.0
92 92 93
0.9848964838850518 -0.08059737407154734 0.15324157178661688 -1.5401532859222393
-1.568020036196828e-17 -0.8850516885915882 -0.46549275882786656 2.1338140761325666
0.17314420588302046 0.4584621814435182 -0.871684296150383 0.6313934167513919
0.0 0.0 0.0 1.0
93 93 94
0.9854618369046793 -0.07928120973773091 0.150264625867093 -1.5215259038919573
1.5690942418210527e-17 -0.8844457801150448 -0.46664297062817717 2.1335573894576036
0.16989693347572674 0.45985883901389973 -0.871587563114764 0.6360993059008732
0.0 0.0 0.0 1.0
94 94 95
0.9860262917300098 -0.07792765180431652 0.1472393734754085 -1.502675878716996
0.0 -0.8838440200760114 -0.46778173134045686 2.133209923210751
0.16658977164629776 0.46124508589267443 -0.8714934415832937 0.64083802188149
0.0 0.0 0.0 1.0
95 95 96
0.9865886340123032 -0.07653827475151061 0.144169205227052 -1.4836194557829998
1.5712244147791222e-17 -0.8832467009345288 -0.46890858948015746 2.1327756491657017
0.16322642934812231 0.46261988477186444 -0.8714011561708702 0.645604932832365
0.0 0.0 0.0 1.0
96 96 97
0.9871476909242852 -0.07511468518033979 0.14105750732630407 -1.4643728804756138
0.0 -0.8826541170921739 -0.47002309473071113 2.132258539096151
0.15981062637650817 0.4639822126445081 -0.8713099735723531 0.6503954068926194
0.0 0.0 0.0 1.0
97 97 98
0.9877023332335966 -0.07365852166327555 0.13790766153948808 -1.4449523981804824
0.0 -0.8820665648285784 -0.47112479791612666 2.131662564775792
0.15634609341108985 0.4653310621459649 -0.8712192041485306 0.6552048122013768
0.0 0.0 0.0 1.0
98 98 99
0.9882514772366622 -0.0721714545297196 0.13472304513564 -1.425374254283251
0.0 -0.8814843422356654 -0.4722132509717999 2.130991697978319
0.1528365719962179 0.466665442843608 -0.8711282033753838 0.6600285168977583
0.0 0.0 0.0 1.0
99 99 100
0.9887940865521402 -0.07065518558708204 0.13150703079749593 -1.4056546941695638
0.0 -0.8809077491495996 -0.4732880069135348 2.130249910477427
0.14928581446178518 0.4679843824721516 -0.8710363731570803 0.6648618891208867
0.0 0.0 0.0 1.0
100 100 101
0.9893291737731086 -0.06911144777833042 0.12826298650585685 -1.385809963225066
0.0 -0.8803370870804679 -0.4743486198047559 2.129441174046809
0.14569758378716688 0.4692869281118537 -0.8709431630031441 0.6697002970098838
0.0 0.0 0.0 1.0
101 101 102
0.9898558019771391 -0.06754200477700893 0.12499427540050463 -1.3658563068354024
1.5774288577443567e-17 -0.8797726591396956 -0.4753946447219077 2.1285694604601595
0.142075653411113 0.47057214730684094 -0.8708480710702836 0.6745391087038717
0.0 0.0 0.0 1.0
102 102 103
0.9903730860934297 -0.06594865052086248 0.12170425562096442 -1.3458099703862174
-1.578429785519146e-17 -0.879214769965206 -0.476425637718028 2.127638741491173
0.13842380699061815 0.47183912912083376 -0.870750645069366 0.6793736923419729
0.0 0.0 0.0 1.0
103 103 104
0.9908801941261671 -0.06433320868531459 0.1183962801305054 -1.3256871992631565
-1.5794196804514498e-17 -0.8786637256443285 -0.4774411557844886 2.126652988913543
0.13474583811194074 0.4730869851275556 -0.8706504830380732 0.6841994160633096
0.0 0.0 0.0 1.0
104 104 105
0.9913763482333268 -0.06269753209816546 0.11507369652684797 -1.3055042388518636
0.0 -0.8781198336344632 -0.4784407568108957 2.125616174500964
0.13104554995708015 0.47431485033317494 -0.8705472339797906 0.6890116480070035
0.0 0.0 0.0 1.0
105 105 106
0.9918608256601383 -0.06104350209698418 0.11173984684312079 -1.2852773345379842
0.0 -0.8775834026815094 -0.47942399954314313 2.12453227002713
0.12732675492915305 0.4755218840281478 -0.8704405983693156 0.6938057563121773
0.0 0.0 0.0 1.0
106 106 107
0.9923329595264807 -0.05937302783076817 0.10839806734265456 -1.2650227317071625
0.0 -0.8770547427360563 -0.4803904435396169 2.123405247265735
0.12359327424021035 0.47670727056590684 -0.870330328526007 0.6985771091179527
0.0 0.0 0.0 1.0
107 107 108
0.9927921394675118 -0.05768804550753527 0.10505168831123757 -1.2447566757450441
7.916284592235306e-18 -0.876534164867348 -0.4813396491255429 2.122239077990473
0.11984893746513095 0.4778702200658892 -0.8702162288550231 0.7033210745634526
0.0 0.0 0.0 1.0
108 108 109
0.9932378121268783 -0.05599051758960141 0.10170403385048443 -1.2244954120372733
0.0 -0.8760219811750198 -0.4822711773454775 2.1210377339750384
0.1160975820653124 0.47900996903847587 -0.8700981559573302 0.7080330207877987
0.0 0.0 0.0 1.0
109 109 110
0.9936694815019076 -0.05428243193836641 0.09835842167596319 -1.2042551859694948
-7.925468013147087e-18 -0.8755185046986136 -0.48318458991394153 2.119805186993126
0.11234305288592598 0.48012578092949815 -0.8699760186091967 0.7127083159301127
0.0 0.0 0.0 1.0
110 110 111
0.9940867091402221 -0.05256580091050374 0.09501816292373166 -1.1840522429273537
7.92994650748284e-18 -0.875024049324868 -0.48407944916419554 2.1185454088184286
0.10858920163056514 0.4812169465820466 -0.8698497776119094 0.7173423281295175
0.0 0.0 0.0 1.0
111 111 112
0.994489114187285 -0.05084266040750085 0.09168656196889868 -1.1639028282964947
0.0 -0.8745389296927929 -0.4849553179951571 2.117262371224641
0.10483988631713197 0.4822827846134169 -0.869719445512482 0.7219304255251354
0.0 0.0 0.0 1.0
112 112 113
0.9948763732844366 -0.049115068880547605 0.0883669162597951 -1.1438231874625624
0.0 -0.8740634610965198 -0.48581175981646685 2.1159600459854566
0.10109897071882867 0.4833226417051363 -0.8695850861961478 0.7264679762560879
0.0 0.0 0.0 1.0
113 113 114
0.9952482203170372 -0.047385106292803805 0.08506251617128369 -1.1238295658112016
7.942891612046238e-18 -0.8735979593859318 -0.48664833849170375 2.114642404874571
0.097370323794112 0.4843358928041112 -0.869446814351444 0.7309503484614979
0.0 0.0 0.0 1.0
114 114 115
0.9956044460124015 -0.045654873041104334 0.0817766448806738 -1.1039382087280574
0.0 -0.8731427408650732 -0.4874646182797554 2.113313419665677
0.09365781910945392 0.48532194123306266 -0.8693047948087208 0.7353729102804868
0.0 0.0 0.0 1.0
115 115 116
0.995944897387259 -0.043926488839174244 0.07851257826962499 -1.0841653615987745
-7.951081510875296e-18 -0.8726981221883311 -0.488260163774356 2.111977062132469
0.08996533425871373 0.48628021870853727 -0.8691592417529109 0.7397310298521771
0.0 0.0 0.0 1.0
116 116 117
0.9962694770445474 -0.042202091564425566 0.07527358485532609 -1.0645272698089978
0.0 -0.8722644202543905 -0.4890345398417906 2.1106373040486415
0.08629675028287066 0.4872101852649016 -0.8690104178114071 0.7440200753156913
0.0 0.0 0.0 1.0
117 117 118
0.9965781423193956 -0.04048383607040766 0.07206292575414253 -1.0450401787443715
-7.95888966711206e-18 -0.8718419520979559 -0.48978731155678745 2.1092981171878873
0.08265595109381237 0.48811132908287425 -0.8688586330178962 0.7482354148101508
0.0 0.0 0.0 1.0
118 118 119
0.9968709042742216 -0.038773892966949226 0.06888385468078383 -1.025720333790541
7.96264262686618e-18 -0.8714310347792333 -0.49051804413659905 2.107963473323903
0.07904682290576757 0.488983166221274 -0.868704243652995 0.7523724164746786
0.0 0.0 0.0 1.0
119 119 120
0.9971478265429217 -0.037074447370009096 0.06573961798592863 -1.0065839803331513
7.966290585468016e-18 -0.871031985271169 -0.49122630287329505 2.1066373442303807
0.0754732536778918 0.489825240250821 -0.8685476509625122 0.7564264484483967
0.0 0.0 0.0 1.0
120 120 121
0.9974090240241849 -0.035387697623199536 0.06263345473508687 -0.9876473637578462
-7.969830349663192e-18 -0.8706451203444335 -0.49191165306427415 2.105323701681015
0.07193913257138411 0.4906371217889612 -0.8683892997541602 0.7603928788704273
0.0 0.0 0.0 1.0
121 121 122
0.9976546614240208 -0.03371585399288991 0.05956859683132154 -0.9689267294502715
1.5946517454432523e-17 -0.8702707564501462 -0.49257365994101837 2.1040265174495003
0.06844834942438278 0.4914184079348474 -0.8682296768734974 0.7642670758798921
0.0 0.0 0.0 1.0
122 122 123
0.9978849516476381 -0.032061137338728576 0.05654826918428336 -0.9504383227960714
0.0 -0.8699092096003288 -0.493211888596099 2.10274976330953
0.0650047942477398 0.4921687216037584 -0.8680693095598595 0.7680444076159136
0.0 0.0 0.0 1.0
123 123 124
0.9981001540408535 -0.030425777761335565 0.0535756899278238 -0.9321983891808914
3.989884285171577e-18 -0.8695607952460749 -0.49382590390846626 2.101497411034799
0.06161235674460524 0.4928877107604039 -0.8679087636829945 0.7717202422176138
0.0 0.0 0.0 1.0
124 124 125
0.9983005724812598 -0.02881201322882271 0.0506540706882571 -0.9142231739903753
0.0 -0.8692258281534261 -0.49441527046703393 2.1002734323990015
0.05827492585657062 0.4935750475507169 -0.8677486418610624 0.7752899478241152
0.0 0.0 0.0 1.0
125 125 126
0.9984865533194135 -0.027222088183687296 0.04778661690513088 -0.8965289226101685
3.9928973364901834e-18 -0.8689046222769429 -0.4949795524925885 2.099081799175831
0.054996389338921044 0.49423042733191036 -0.8675895814606116 0.7787488925745397
0.0 0.0 0.0 1.0
126 126 127
0.9986584831703367 -0.025658252131505254 0.044976528206148274 -0.8791318804259161
-3.9943092046390806e-18 -0.8685974906309507 -0.495518313758044 2.097926483138981
0.0517806333673348 0.4948535676007313 -0.8674322524790659 0.7820924446080094
0.0 0.0 0.0 1.0
127 127 128
0.9988167865556609 -0.024122758212710968 0.04222699883764458 -0.862048292823262
0.0 -0.8683047451584496 -0.4960311175070773 2.096811456062147
0.048631542178131176 0.4954442068200323 -0.8672773553101946 0.7853159720636471
0.0 0.0 0.0 1.0
128 128 129
0.9989619233967537 -0.022617861758606545 0.03954121815178346 -0.8452944051878519
0.0 -0.8680266965976696 -0.4965175263711616 2.0957406897190225
0.04555299774392862 0.49600210314393395 -0.8671256183929383 0.7884148430805741
0.0 0.0 0.0 1.0
129 129 130
0.9990943863591967 -0.021145818832579884 0.03692237115137532 -0.8288864629053301
0.0 -0.8677636543462528 -0.49697710228504205 2.0947181558833017
0.04254887948630612 0.4965270330420457 -0.8669777957438835 0.7913844257979137
0.0 0.0 0.0 1.0
130 130 131
0.9992146980489874 -0.019708884757339847 0.034373639092954884 -0.8128407113613412
0.0 -0.8675159263230425 -0.49740940640067643 2.093747826328679
0.039623064026786455 0.497018789823378 -0.8668346643735667 0.7942200883547871
0.0 0.0 0.0 1.0
131 131 132
0.9993234080608486 -0.018309312628790896 0.03189820014847312 -0.7971733959415306
0.0 -0.8672838188274615 -0.49781399899968143 2.092833672828848
0.03677942497716423 0.4974771820607616 -0.8666970215866864 0.7969171988903165
0.0 0.0 0.0 1.0
132 132 133
0.9994210898790247 -0.016949351816972873 0.029499230125665684 -0.781900762031543
0.0 -0.8670676363964518 -0.49819043940432106 2.091979667157503
0.0340218327698921 0.4979020319167768 -0.8665656821661716 0.7994711255436246
0.0 0.0 0.0 1.0
133 133 134
0.9995083376309459 -0.015631246454282578 0.02717990324685515 -0.7670390550170227
-4.002279731220342e-18 -0.8668676816589577 -0.4985382858870761 2.091189781088338
0.031354154528912576 0.49829317337237267 -0.8664414754409367 0.8018772364538332
0.0 0.0 0.0 1.0
134 134 135
0.9995857626941221 -0.014357233910974836 0.024943392985628417 -0.7526045202836147
-2.0015633901191172e-18 -0.8666842551879259 -0.49885709557883423 2.0904679863950473
0.028780253980983952 0.49865045035954364 -0.8663252422370101 0.8041308997600646
0.0 0.0 0.0 1.0
135 135 136
0.9996539901566194 -0.013129543257709632 0.022792872960499918 -0.7386134032169642
0.0 -0.8665176553497939 -0.49914642437574974 2.0898182548513247
0.0263039914071906 0.49897371479962743 -0.8662178317115796 0.8062274836014409
0.0 0.0 0.0 1.0
136 136 137
0.9997136551314462 -0.011950393714670483 0.020731517884329365 -0.7250819492027156
0.0 -0.8663681781514424 -0.49940582684481205 2.0892445582308654
0.023929223633956543 0.49926282454896914 -0.8661200980693504 0.8081623561170846
0.0 0.0 0.0 1.0
137 137 138
0.999765398925155 -0.010821993086529855 0.01876250456790962 -0.7120264036265136
-2.0025988777923727e-18 -0.8662361170845825 -0.4996348561281785 2.0887508683073617
0.02165980406249626 0.4995176412539008 -0.8660328971604447 0.8099308854461176
0.0 0.0 0.0 1.0
138 138 139
0.9998098650609284 -0.009746536182275185 0.016889012975769727 -0.6994630118740033
0.0 -0.8661217629675437 -0.49983306384631426 2.0883411568545096
0.019499582735230964 0.4997380281171738 -0.8659570829589136 0.8115284397276619
0.0 0.0 0.0 1.0
139 139 140
0.9998476951563912 -0.008726203218642422 0.015114227331859742 -0.6874080193308296
0.0 -0.8660254037844386 -0.5 2.0880193956460005
0.017452406437284844 0.4999238475781956 -0.865893503920754 0.8129503871008397
0.0 0.0 0.0 1.0
140 140 141
0.9998476951563913 -0.008726203218642228 0.015114227331859407 -0.6874080193308282
0.0 -0.8660254037844386 -0.4999999999999999 2.088019395646001
0.01745240643728446 0.4999238475781956 -0.865893503920754 0.8129503871008399
0.0 0.0 0.0 1.0
141 141 142
0.9999128876303013 -0.006602468826592846 0.011429110036501378 -0.6620379414115265
1.0016899110917343e-18 -0.8658984465991801 -0.500219831851084 2.087346792808057
0.013199134472857942 0.5001762565161613 -0.8658230161335785 0.8156262171258716
0.0 0.0 0.0 1.0
142 142 143
0.9999565559463608 -0.00466261079205713 0.008071324581163771 -0.6386061907474264
-1.001684374694748e-18 -0.8659032324954877 -0.5002115472016466 2.0865701376963464
0.009321277803643993 0.5001898159843592 -0.8658656141490085 0.8177099861132416
0.0 0.0 0.0 1.0
143 143 144
0.9999832230046192 -0.0028962066563559636 0.005016542265126155 -0.616980564814668
0.0 -0.8660325329795703 -0.49998765166850845 2.085696030352049
0.005792556369524397 0.4999792633779859 -0.8660180035557646 0.8192281905824663
0.0 0.0 0.0 1.0
144 144 145
0.9999966546051323 -0.0012921902891305792 0.0022407638876486007 -0.5970288610893917
2.5031247814391085e-19 -0.8662789650160148 -0.49956056166473184 2.0847310708163445
0.0025866539280532752 0.4995588904373929 -0.8662760669708113 0.8202073270530622
0.0 0.0 0.0 1.0
145 145 146
0.9999999479091428 0.00016104466754591736 -0.00027972544878540617 -0.578618877047738
-3.1276204688354324e-20 -0.8666350211677105 -0.4989426220374859 2.083681859130412
-0.0003227719189198031 0.49894259604713703 -0.8666349760239497 0.8206738920445463
0.0 0.0 0.0 1.0
146 146 147
0.9999956130255557 0.0014755496525567426 -0.0025684008382694805 -0.561618410165847
-2.5007745423182243e-19 -0.8670930978691473 -0.4981461227668896 2.0825549953354323
-0.002962081977795972 0.49814393741257934 -0.8670892939538863 0.8206543820764349
0.0 0.0 0.0 1.0
147 147 148
0.9999856476925372 0.002663733973042198 -0.004648540658935385 -0.5458952579198592
0.0 -0.8676455218691208 -0.49718331466417975 2.081357079472584
-0.005357649572052525 0.4971761789363823 -0.8676330691538222 0.8201752936682443
0.0 0.0 0.0 1.0
148 148 149
0.9999716050329664 0.003738285208285029 -0.006543267646562988 -0.5313172177859148
9.989371723157397e-19 -0.8682845748723942 -0.4960664240186646 2.080094711583049
-0.0075358561420080595 0.49605233822890826 -0.8682599199605148 0.8192631233394915
0.0 0.0 0.0 1.0
149 149 150
0.999954654369143 0.004712096959081109 -0.008275587455655377 -0.5177520872401542
9.981118830103e-19 -0.8690025164037174 -0.4948076661532306 2.0787744917080047
-0.009523088022694217 0.4947852287874559 -0.8689631109363947 0.8179443676096936
0.0 0.0 0.0 1.0
150 150 151
0.9999356350870543 0.0055982037164637845 -0.009868424301692436 -0.5050676637587179
0.0 -0.8697916049118369 -0.4934192578577478 2.077403019888631
-0.011345734134434085 0.49338749897017015 -0.8697356208509059 0.8162455229983668
0.0 0.0 0.0 1.0
151 151 152
0.9999151035440282 0.006409722666344804 -0.011344653360759517 -0.4931317448177461
9.962299416342413e-19 -0.8706441171257723 -0.49191342867854765 2.075986896166109
-0.013030184363056668 0.49187166697180795 -0.8705702025258157 0.8141930860250274
0.0 0.0 0.0 1.0
152 152 153
0.9998933730160623 0.00715980228624843 -0.012727129675754902 -0.48181212789337907
-9.951917660402605e-19 -0.8715523656707127 -0.4903024310502491 2.074532720581618
-0.014602828443888854 0.4902501515808089 -0.8714594346706176 0.8118135532091924
0.0 0.0 0.0 1.0
153 153 154
0.9998705466828184 0.007861577626210137 -0.014038713382252047 -0.47097661046175726
1.9882018898611314e-18 -0.8725087149464337 -0.4885985492636289 2.073047093176338
-0.016090055195739708 0.48853529856065653 -0.8723957657990141 0.8091334210703782
0.0 0.0 0.0 1.0
154 154 155
0.9998465436493913 0.008528132197616153 -0.015302291122112618 -0.460492989999021
0.0 -0.873505595267139 -0.4868141072699118 2.0715366139914475
-0.01751825197803434 0.4867394025535853 -0.8733715502862528 0.806179186128102
0.0 0.0 0.0 1.0
155 155 156
0.9998211180047086 0.009172466420927037 -0.016540793559302658 -0.4502290639813106
0.0 -0.8745355152581312 -0.48496147532788125 2.070007883068127
