0 0 1
-0.2739592186924325 0.021819345900466677 -0.9614937663021573 -0.31057997014702826
8.33962904204855e-19 -0.9997426093226981 -0.02268733357278151 0.5730122438481298
-0.9617413095492113 -0.006215404179813816 0.27388870414358013 2.1264800183565487
0.0 0.0 0.0 1.0
1 1 2
-0.2693331107603073 0.03329392381977483 -0.9624713970216773 -0.31035872146799454
0.0 -0.9994022291201125 -0.03457143950937459 0.5963093994288613
-0.9630470785211782 -0.009311233346521649 0.2691721112697053 2.126036136362892
0.0 0.0 0.0 1.0
2 2 3
-0.26535185454036697 0.04522708142999141 -0.9630902888085378 -0.3097373196756845
1.6706953334814538e-18 -0.9988991819470762 -0.046908680491589354 0.6204495589484211
-0.9641516443443884 -0.012447305362484767 0.2650597504285121 2.1247894438735306
0.0 0.0 0.0 1.0
3 3 4
-0.26191432336350456 0.05754242767335147 -0.9633741517367459 -0.30877928113728503
3.342375514333952e-18 -0.9982209169870638 -0.059623828202369 0.6452989122577889
-0.9650911289702323 -0.015616334619965316 0.26144835603996386 2.1228673711258783
0.0 0.0 0.0 1.0
4 4 5
-0.25891864210855486 0.07016430847656362 -0.9633473447229031 -0.3075481222199825
0.0 -0.9973581204953467 -0.07264144465791822 0.6707236492079441
-0.9658991338481789 -0.01880822421163192 0.2582346102545956 2.1203973483573484
0.0 0.0 0.0 1.0
5 5 6
-0.25626236036379524 0.08301802206074294 -0.9630356227439868 -0.3061073592909639
3.3412010059518764e-18 -0.9963049717209554 -0.08588599026678588 0.6965899596498667
-0.9666072639188972 -0.022009346587948498 0.25531546369539626 2.117506805805354
0.0 0.0 0.0 1.0
6 6 7
-0.2538425843011609 0.09603001961715821 -0.9624667151271447 -0.30452050871741565
0.0 -0.9950593425771435 -0.09928194574011474 0.7227640334345361
-0.9672455440038522 -0.02520198568111836 0.25258843505279627 2.114323173707309
0.0 0.0 0.0 1.0
7 7 8
-0.25155607153459913 0.1091280841187442 -0.9616707358189972 -0.3028510868665249
-3.3364656031702088e-18 -0.9936229406651369 -0.11275394354063802 0.7491120604129319
-0.9678427263115013 -0.028363939087116888 0.24995188354037792 2.1109738823006263
0.0 0.0 0.0 1.0
8 8 9
-0.2492992921537003 0.12224147754066816 -0.9606804276659009 -0.30116261010547807
-6.666059563133909e-18 -0.9920013954913319 -0.12622690419736274 0.7755002304360338
-0.9684264881402531 -0.03146827786715547 0.24730524571147192 2.1075863618227197
0.0 0.0 0.0 1.0
9 9 10
-0.24696845836826126 0.13530104510316074 -0.9595312437670787 -0.29951859480146203
-6.658085497983902e-18 -0.9902042879796248 -0.13962617257077697 0.8017947333548218
-0.9690235191011641 -0.03448326058766559 0.24454922647196978 2.104288042511002
0.0 0.0 0.0 1.0
10 10 11
-0.24445952477284885 0.148239264310859 -0.9582612698342807 -0.2979825573216634
0.0 -0.9882451236544904 -0.15287764903059298 0.8278617590202745
-0.9696594973225565 -0.03737239743040913 0.24158593328766195 2.101206354602888
0.0 0.0 0.0 1.0
11 11 12
-0.24166816114551595 0.16099022652110645 -0.9569109921268684 -0.2966180140332686
0.0 -0.9861412501422657 -0.16590791050413808 0.8535674972833728
-0.9703589541445706 -0.04009465965102988 0.23831894255162164 2.0984687283357903
0.0 0.0 0.0 1.0
12 12 13
-0.2384896999338929 0.17348953949827717 -0.9555229158477139 -0.2954884813034648
6.630272135819362e-18 -0.9839137198931567 -0.17864431646713716 0.8787781379950956
-0.9711450267727483 -0.04260482942914293 0.23465328781815922 2.096202593947122
0.0 0.0 0.0 1.0
13 13 14
-0.2348190611571889 0.18567414086738981 -0.9541410388042286 -0.29465747549943866
-6.620683437626373e-18 -0.9815870992501853 -0.19101509517733548 0.9033598710064223
-0.9720390982451562 -0.04485398531639299 0.2304953610899369 2.094535381674296
0.0 0.0 0.0 1.0
14 14 15
-0.23055065836685842 0.19748201453278674 -0.9528101845922304 -0.29418851298837684
-6.611448781447748e-18 -0.9791892251698674 -0.20294940579177437 0.9271788861683332
-0.9730603238888164 -0.04679011912045629 0.22575272052864698 2.093594521754727
0.0 0.0 0.0 1.0
15 15 16
-0.2255782905653439 0.20885180494549185 -0.9515751984980627 -0.29414511013746597
0.0 -0.9767509110201441 -0.21437737245641963 0.9501013733318077
-0.9742250432141524 -0.048358881214609184 0.22033380081606643 2.0935074444258275
0.0 0.0 0.0 1.0
16 16 17
-0.219795026585918 0.2197223275645886 -0.9504800077106804 -0.2945907833138927
6.5952799312893366e-18 -0.9743056029329578 -0.22523008700758784 0.9719935223478254
-0.975546075943159 -0.04950445296178139 0.2141475258994583 2.094401579925012
0.0 0.0 0.0 1.0
17 17 18
-0.21309309039299273 0.23003197795738015 -0.9495665452951568 -0.29558904888484383
0.0 -0.971888988162784 -0.2354395775733552 0.9927215230673658
-0.9770319006187894 -0.050170547185927006 0.20710282800652635 2.0964043584896928
0.0 0.0 0.0 1.0
18 18 19
-0.20536375807796875 0.23971804673485253 -0.9488735347440778 -0.29720342321750615
6.584132785814585e-18 -0.9695385567917381 -0.24493874110518696 1.0121515653414084
-0.9786857140410774 -0.05030154037224784 0.19910808162424143 2.099643210357284
0.0 0.0 0.0 1.0
19 19 20
-0.19649728000809139 0.24871595296341475 -0.9484351288785766 -0.29949742267906637
0.0 -0.9672931179226715 -0.2536612387012189 1.0301498390209334
-0.980504369673803 -0.049843743448272713 0.19007046664235092 2.1042455657651984
0.0 0.0 0.0 1.0
20 20 21
-0.18638284464153276 0.25695841490084653 -0.9482793935518026 -0.30253456363671116
-6.580010103117446e-18 -0.9651922712131064 -0.2615413534997576 1.0465825339569201
-0.9824771932331714 -0.04874682145668151 0.1798952811347205 2.1103388549508497
0.0 0.0 0.0 1.0
21 21 22
-0.174908603955952 0.26437458397462216 -0.9484266232083666 -0.30637836245762723
-1.316206342816771e-17 -0.9632758342275128 -0.2685138119227559 1.0613158400003482
-0.9845846739931412 -0.04696537598630029 0.1684852313892393 2.118050508151651
0.0 0.0 0.0 1.0
22 22 23
-0.1633259622416218 0.27028053857754947 -0.9488272026686829 -0.31057997014702843
6.583811292459071e-18 -0.9617413095492111 -0.27395921869243234 1.0730122438481302
-0.9865721616069694 -0.044744653007904416 0.15707732480964237 2.126480018356548
0.0 0.0 0.0 1.0
23 23 24
-0.15561616384248386 0.2733619056088582 -0.949240158291274 -0.31337032948282123
0.0 -0.9609467971948892 -0.27673318008667597 1.0790317586739482
-0.9878175993324624 -0.04306415589301976 0.14953885423618996 2.1325625022095998
0.0 0.0 0.0 1.0
24 24 25
-0.14667960481315898 0.2762075237074275 -0.9498391955374689 -0.31643883427223546
0.0 -0.9602249361854682 -0.2792276346059131 1.0844523907548829
-0.9891840544266045 -0.04095699909690849 0.14084541417142532 2.140124373350462
0.0 0.0 0.0 1.0
25 25 26
-0.13658956262286953 0.2788159748777217 -0.9505813713383399 -0.3197737860999275
6.59598328274738e-18 -0.9595747690640599 -0.28145383737951807 1.0892997784721188
-0.9906277259306309 -0.03844365654619663 0.13106789801040095 2.1490712882235044
0.0 0.0 0.0 1.0
26 26 27
-0.12541980207883718 0.2811849829478231 -0.9514225552356522 -0.32336348655055336
0.0 -0.9589950087070791 -0.28342295827069003 1.093599560206839
-0.9921037613306913 -0.03554685133090848 0.12027696418663461 2.1593089032731
0.0 0.0 0.0 1.0
27 27 28
-0.11324480628170698 0.2833117755415712 -0.9523182512635684 -0.3271962372087696
0.0 -0.9584840681604785 -0.2851460872649999 1.0973773743402269
-0.9935671159263567 -0.03229131341431162 0.10854334262293583 2.170742874943617
0.0 0.0 0.0 1.0
28 28 29
-0.10013996469396638 0.2851934330790101 -0.9532243666628015 -0.331260339659232
0.0 -0.9580400891223947 -0.286634240163931 1.1006588592534658
-0.9949733601816138 -0.028703542690097936 0.09593810070012099 2.183278859679429
0.0 0.0 0.0 1.0
29 29 30
-0.08618171412854103 0.2868272198443804 -0.9540979289916784 -0.3355440954865972
0.0 -0.9576609690933795 -0.287898364488458 1.1034696533277404
-0.9962794347721259 -0.0248115745464188 0.0825328638704672 2.196822513924906
0.0 0.0 0.0 1.0
30 30 31
-0.07144763012168372 0.28821089280748385 -0.9548977523363997 -0.34003580627552127
3.3129670962708784e-18 -0.9573443872145965 -0.28894934550662754 1.105835394944233
-0.9974443524076895 -0.02064474596166012 0.06839998767677843 2.211279494124417
0.0 0.0 0.0 1.0
31 31 32
-0.05601646770930613 0.28934298450353296 -0.9555850525536492 -0.3447237736106602
-3.3153516479146925e-18 -0.9570878288133193 -0.28979801230754904 1.107781722484127
-0.9984298449792917 -0.01623346099864692 0.053612679457691215 2.226555456722336
0.0 0.0 0.0 1.0
32 32 33
-0.03996815207865305 0.2902230568814691 -0.9561240108238014 -0.34959629907667056
0.0 -0.9568886086738569 -0.29045514385221344 1.1093342743286065
-0.9992009541725917 -0.011608955361512317 0.038245069433807434 2.2425560581630313
0.0 0.0 0.0 1.0
33 33 34
-0.023383720914415807 0.2908519236299601 -0.9564822842671726 -0.3546416842582084
-8.29616136437093e-19 -0.9567438930506631 -0.2909314749391358 1.1105186888588547
-0.9997265634143151 -0.006803060415196107 0.022372232181668398 2.259186954890875
0.0 0.0 0.0 1.0
34 34 35
-0.006345221494427482 0.2912318390886767 -0.9566314619879558 -0.35984823073993005
0.0 -0.9566507204389214 -0.2912377020299614 1.1113606044560556
-0.9999798688794622 -0.0018479677269081774 0.006070160713988578 2.276353803350238
0.0 0.0 0.0 1.0
35 35 36
0.011064433292383132 0.29136665245109183 -0.9565474646641238 -0.36520424010649155
0.0 -0.9566060211163773 -0.2913844888869226 1.1118856595013917
-0.9999387872844611 0.0032240042397245093 -0.010584303507734209 2.2939622599854914
0.0 0.0 0.0 1.0
36 36 37
0.028761644842433858 0.2912619265617138 -0.9562108856949477 -0.37069801394254936
1.658761471399601e-18 -0.9566066354686342 -0.2913824719803497 1.1121194923760478
-0.9995862983184381 0.008380639172409256 -0.027513580303264455 2.311917981241006
0.0 0.0 0.0 1.0
37 37 38
0.046662338630064554 0.2909250212002668 -0.9556072719444937 -0.37631785383275945
1.6577143684562657e-18 -0.9566493311085738 -0.291242265630382 1.1120877414612058
-0.9989107198111217 0.013590045222232101 -0.04463949503841304 2.330126623561153
0.0 0.0 0.0 1.0
38 38 39
0.0646821971672152 0.29036514132044866 -0.9547273422687639 -0.38205206136177816
0.0 -0.9567308187990347 -0.2909744668525549 1.1118160451380503
-0.997905914086905 0.01882086783558228 -0.0618834514575104 2.348493843390302
0.0 0.0 0.0 1.0
39 39 40
0.08273690884226877 0.28959335126236946 -0.9535671422715108 -0.38788893811426206
6.616701230474023e-18 -0.9568477671864027 -0.29058965988210156 1.1113300417877654
-0.9965714243922641 0.02404249020017132 -0.07916662648962981 2.366925297172825
0.0 0.0 0.0 1.0
40 40 41
0.10074242494919682 0.28862255647526935 -0.9521281340812461 -0.3938167856748667
0.0 -0.9569968163513507 -0.29009842035657285 1.110655369791533
-0.9949125407870559 0.029225218340652587 -0.09641017994789625 2.3853266413530916
0.0 0.0 0.0 1.0
41 41 42
0.11861521697955153 0.2874674547597726 -0.9504172203589495 -0.39982390562824893
6.594844256517166e-18 -0.9571745901816244 -0.28951131914078765 1.1098176675305376
-0.9929402954361827 0.034340447937920716 -0.11353547170170673 2.403603532375475
0.0 0.0 0.0 1.0
42 42 43
0.13627252617571614 0.2861444594558548 -0.9484467022096736 -0.40589859955906465
0.0 -0.957377707570538 -0.2888389257821418 1.1088425733859624
-0.9906713878020746 0.03936081007421266 -0.13046427871495325 2.4216616266843443
0.0 0.0 0.0 1.0
43 43 44
0.15363259743389604 0.28467159735355957 -0.9462341711573764 -0.41202916905196996
6.56581852191263e-18 -0.9576027924436931 -0.28809181158797564 1.1077557257389905
-0.9881280407951768 0.04426029331369728 -0.14711900431307653 2.439406580724071
0.0 0.0 0.0 1.0
44 44 45
0.17061488989697798 0.28306838437891285 -0.9438023358259684 -0.4182039156916215
6.548944274556214e-18 -0.9578464826154176 -0.2872805523199793 1.1065827629708065
-0.9853377894638173 0.04901433980361629 -0.1634228721696371 2.4567440509390264
0.0 0.0 0.0 1.0
45 45 46
0.18714025698562087 0.28135568229947266 -0.9411787844257615 -0.424411141062675
0.0 -0.9581054374754974 -0.28641573050355607 1.1053493234625928
-0.9823332042720309 0.05359991341115982 -0.17930009778848535 2.4735796937735794
0.0 0.0 0.0 1.0
46 46 47
0.20313108917369926 0.2795555397961335 -0.9383956845491135 -0.43063914674978715
-6.511428094970693e-18 -0.9583763445059845 -0.28550793735261826 1.1040810455955332
-0.979151551401062 0.05799553828217366 -0.19467603069780906 2.4898191656721047
0.0 0.0 0.0 1.0
47 47 48
0.21851141351281286 0.2776910212557077 -0.9354894221094082 -0.4368762343376139
6.4912618482446694e-18 -0.958655924627199 -0.2845677743125006 1.102803567750812
-0.9758343927965608 0.062181306605219616 -0.2094772611627218 2.505368123078969
0.0 0.0 0.0 1.0
48 48 49
0.23320694473991832 0.2757860265497998 -0.9325001814932508 -0.4431107054108117
1.2941039649511807e-17 -0.9589409363714844 -0.28360585422550944 1.1015425283096116
-0.972427128850832 0.0661388547742857 -0.2236316859572302 2.5201322224385456
0.0 0.0 0.0 1.0
49 49 50
0.24714508375176517 0.27386510487891147 -0.9294714691194107 -0.4493308615540364
0.0 -0.9592281788828504 -0.2826328021251072 1.1003235656531156
-0.9689784866431933 0.06985130755220569 -0.23706852860705535 2.5340171201952053
0.0 0.0 0.0 1.0
50 50 51
0.26025486028904976 0.2719532654776989 -0.9264495825958061 -0.4555250043519446
0.0 -0.9595144937403314 -0.2816592556658414 1.0991723181625082
-0.9655399565506997 0.07330319023243127 -0.24971831051370819 2.5469284727933186
0.0 0.0 0.0 1.0
51 51 52
0.2724668178323392 0.2700757876005433 -0.9234830275279915 -0.4616814353891923
0.0 -0.9597967656026861 -0.28069586519687545 1.0981144242189727
-0.9621651797796047 0.0764803091688879 -0.2615127704895355 2.558771936677256
0.0 0.0 0.0 1.0
52 52 53
0.28371283996251373 0.268258031740241 -0.920621883754268 -0.46778845625043564
-1.2776195153972162e-17 -0.9600719216720017 -0.27975329348736877 1.0971755222036914
-0.9589092889530298 0.07936960138416799 -0.27238473146583164 2.569453168291389
0.0 0.0 0.0 1.0
53 53 54
0.2939259187747357 0.2665252534817604 -0.9179171223639478 -0.4738343685203312
0.0 -0.960336929973776 -0.2788422151119567 1.09638125049785
-0.9558282033254865 0.08195895426996436 -0.2822679144758511 2.5788778240800876
0.0 0.0 0.0 1.0
54 54 55
0.3030398673536475 0.2649024207636071 -0.9154198743024233 -0.4798074737835353
-1.2704002770625213e-17 -0.9605887964512063 -0.27797331550424564 1.0957572474826303
-0.95297787948844 0.08423699665826022 -0.29109670145797356 2.586951560487725
0.0 0.0 0.0 1.0
55 55 56
0.31098897981914325 0.26341403461764595 -0.9131806506915826 -0.4856960736247035
0.0 -0.960824560871642 -0.2771572896855075 1.0953291515392163
-0.9504135175969712 0.08619286276873472 -0.29880584997064824 2.593580033958669
0.0 0.0 0.0 1.0
56 56 57
0.31770764404116797 0.26208395269075113 -0.9112485142154156 -0.49148846962849235
1.2646113520467735e-17 -0.9610412915435047 -0.276404840674675 1.0951226010487916
-0.9481887222055588 0.0878159307323254 -0.3053301645625682 2.5986689009372923
0.0 0.0 0.0 1.0
57 57 58
0.32312991380762907 0.26093521402477415 -0.9096702000640229 -0.4971729633795585
1.2624210011580639e-17 -0.9612360788424118 -0.27572667758427893 1.0951632343925395
-0.9463546157771274 0.08909553756227195 -0.31060413130513176 2.602123817867967
0.0 0.0 0.0 1.0
58 58 59
0.32718904902524226 0.25998986269125623 -0.9084891840279328 -0.5027378564625574
-1.2607820121634153e-17 -0.9614060275457738 -0.27513351340513764 1.0954766899516433
-0.9449589018565611 0.09002067260600076 -0.3145615238798375 2.6038504411950605
0.0 0.0 0.0 1.0
59 59 60
0.3298170344572321 0.2592687669501628 -0.907744694430091 -0.5081714504621457
0.0 -0.961548247975761 -0.27463606248041195 1.096088606107287
-0.9440448738178907 0.09057965168230059 -0.31713499163491266 2.6037544273629467
0.0 0.0 0.0 1.0
60 60 61
0.3309440895766471 0.2587914296338051 -0.9074706637254867 -0.5134620469629798
-1.2593685312998853e-17 -0.961659845951255 -0.2742450376670622 1.0970246212406534
-0.9436503640513706 0.09075977431163919 -0.31825564220075675 2.601741432815995
0.0 0.0 0.0 1.0
61 61 62
0.33049818436563777 0.258575784454709 -0.9076946148483248 -0.5185979475497154
0.0 -0.9617379115502198 -0.2739711471798104 1.0983103737329267
-0.943806627509585 0.09054696671149827 -0.3178526336029481 2.5977171139985775
0.0 0.0 0.0 1.0
62 62 63
0.32840457834777276 0.2586379719072696 -0.9084364768149261 -0.5235674538070098
-1.2607088662116102e-17 -0.9617795066848397 -0.27382509110939085 1.0999715019652905
-0.9445371527474298 0.08992541358681998 -0.3158527933563638 2.591587127355064
0.0 0.0 0.0 1.0
63 63 64
0.3245854028316893 0.25899208738760787 -0.9097073237801263 -0.5283588673195182
-1.262472520663536e-17 -0.9617816514927994 -0.2738175576032035 1.1020336443189278
-0.9458563930473749 0.08887718223702513 -0.31218028478591775 2.583257129329826
0.0 0.0 0.0 1.0
64 64 65
0.3189593092980706 0.2596498931075951 -0.9115080317919926 -0.5329604896718966
-1.2649715050327868e-17 -0.9617413095492113 -0.27395921869243256 1.1045224391750221
-0.9477684100095856 0.08738184316997735 -0.30675634381723826 2.572632776367233
0.0 0.0 0.0 1.0
65 65 66
0.3157306248493827 0.26005989682232655 -0.9125146697982336 -0.5350053632757082
-1.2663684958977761e-17 -0.9617070763018248 -0.2740793669559897 1.1058408577041798
-0.9488488670658876 0.0865352497873379 -0.3036403761228481 2.5669245546552206
0.0 0.0 0.0 1.0
66 66 67
0.31204048940372986 0.2605451420004632 -0.9136448773744857 -0.537026820966543
1.2679369739899773e-17 -0.9616618009186247 -0.2742381823414591 1.1073167085760198
-0.9500688043361284 0.08557341663101817 -0.3000774189995199 2.560591423102109
0.0 0.0 0.0 1.0
67 67 68
0.30789674415814283 0.2611023435086822 -0.9148907919260578 -0.5390253871213245
0.0 -0.9616058154272016 -0.2744344288470137 1.1089453390023818
-0.951419778508317 0.08449746712689502 -0.2960752997335714 2.553646943488741
0.0 0.0 0.0 1.0
68 68 69
0.3033071194033444 0.26172809716958956 -0.9162440692693357 -0.5410015861169777
1.2715440773488288e-17 -0.9615394483914597 -0.2746668694747273 1.1107220961951039
-0.9528928540603321 0.08330841697591393 -0.2916417602842945 2.546104677595961
0.0 0.0 0.0 1.0
69 69 70
0.2982792608626762 0.2624188858445714 -0.9176959250706682 -0.5429559423304265
-1.2735589320226727e-17 -0.9614630253839244 -0.2749342663612364 1.1126423273660264
-0.9544786443599539 0.08200718975605172 -0.2867844805583094 2.5379781872046125
0.0 0.0 0.0 1.0
70 70 71
0.2928207559681086 0.26317108531293826 -0.9192371754500986 -0.544888980138596
1.2756978465951176e-17 -0.9613768694423463 -0.27523538090375227 1.114701379726988
-0.9561673519182011 0.08059463230540706 -0.2815111016803615 2.5292810340955403
0.0 0.0 0.0 1.0
71 71 72
0.2869391599019394 0.26398097001800724 -0.9208582768174054 -0.5468012239184096
0.0 -0.9612813015105688 -0.2755689738815801 1.1168946004898284
-0.9579488078779415 0.07907152986062006 -0.2758292490848855 2.520026780049587
0.0 0.0 0.0 1.0
72 72 73
0.2806420212432211 0.26484471874537807 -0.9225493650017873 -0.5486931980467927
1.2802944329728771e-17 -0.9611766408636089 -0.27593380557327324 1.1192173368663865
-0.9598125108126687 0.07743862092541737 -0.2697465552637328 2.5102289868475984
0.0 0.0 0.0 1.0
73 73 74
0.2739369070679569 0.2657584202933202 -0.9243002937299329 -0.5505654269006689
-1.2827243347084583e-17 -0.9610632055169293 -0.2763286358695466 1.1216649360685018
-0.9617476649028275 0.07569661184441129 -0.26327068201612375 2.499901216270417
0.0 0.0 0.0 1.0
74 74 75
0.26683142736173177 0.2667180791898599 -0.9261006725002269 -0.5524184348569633
-1.2852228621632419e-17 -0.9609413126198635 -0.27675222438205255 1.1242327453080134
-0.9637432175492084 0.07384619105739736 -0.25640934205721416 2.489057030098887
0.0 0.0 0.0 1.0
75 75 76
0.259333258612735 0.2677196215058733 -0.9279399038935937 -0.5542527462925997
1.2877753084639032e-17 -0.9608112788331736 -0.2772033305481036 1.126916111796761
-0.965787896474842 0.07188804300934283 -0.24917031985167612 2.4777099901138517
0.0 0.0 0.0 1.0
76 76 77
0.2514501664621797 0.2687589008082531 -0.9298072203540266 -0.5560688855845031
0.0 -0.9606734206907175 -0.2776807137314285 1.1297103827465835
-0.9678702463585407 0.06982286169110453 -0.24156149154847245 2.4658736580961564
0.0 0.0 0.0 1.0
77 77 78
0.24319002729792363 0.26983170429199427 -0.9316917204642923 -0.5578673771095974
0.0 -0.9605280549452038 -0.27818313331901273 1.13261090536932
-0.9699786650348734 0.06765136378567266 -0.2335908439025456 2.4535615958266437
0.0 0.0 0.0 1.0
78 78 79
0.23456084868574187 0.2709337591249073 -0.9335824047347246 -0.5596487452448075
0.0 -0.9603754988980249 -0.2787093488140824 1.1356130268768103
-0.9721014392869833 0.06537430139448162 -0.22526649207851346 2.440787365086159
0.0 0.0 0.0 1.0
79 79 80
0.2255707885411942 0.2720607390335465 -0.9354682109154882 -0.5614135143670568
0.0 -0.9602160707131534 -0.2792581199252629 1.1387120944808935
-0.9742267802503193 0.06299247431807292 -0.21659669624069305 2.427564527655543
0.0 0.0 0.0 1.0
80 80 81
0.21622817295344318 0.27320827115389895 -0.9373380488352712 -0.5631622088532711
0.0 -0.9600500897150923 -0.2798282066519438 1.141903455393409
-0.9763428584371454 0.06050674186518835 -0.20758987684288366 2.4139066453156435
0.0 0.0 0.0 1.0
81 81 82
0.20654151258069986 0.2743719431654013 -0.9391808347621443 -0.5648953530803738
6.516876168997545e-18 -0.9598778766708772 -0.28041836936586034 1.1451824568261957
-0.9784378383836535 0.057918034164238186 -0.19825462854035347 2.3998272798473024
0.0 0.0 0.0 1.0
82 82 83
0.19651951754527733 0.2755473107219326 -0.9409855252753265 -0.5666134714252894
6.529398724997904e-18 -0.9596997540561224 -0.28102736888890023 1.1485444459910927
-0.9804999129136991 0.055227362951065354 -0.18859973265543054 2.385339993031364
0.0 0.0 0.0 1.0
83 83 84
0.18617111076450135 0.27672990518861923 -0.9427411506299115 -0.5683170882649429
1.3083161646136758e-17 -0.9595160463051166 -0.28165396656712893 1.1519847700999406
-0.9825173370056691 0.052435831807030105 -0.17863416813698627 2.3704583466486713
0.0 0.0 0.0 1.0
84 84 85
0.17550543966198448 0.2779152416885428 -0.9444368475902728 -0.5700067279762581
0.0 -0.9593270800449665 -0.28229692434101805 1.155498776364577
-0.9844784612418159 0.04954464582169635 -0.16836712096293963 2.35519590248007
0.0 0.0 0.0 1.0
85 85 86
0.16453188621206866 0.27909882745882547 -0.9460618917019159 -0.5716829149361597
0.0 -0.959133184313796 -0.2829550048118568 1.1590818119968425
-0.9863717648125878 0.046555120654839764 -0.15780799194373654 2.339566222306403
0.0 0.0 0.0 1.0
86 86 87
0.15326007527851096 0.280276170511053 -0.9476057289660527 -0.5733461735215719
6.575335616030108e-18 -0.9589346907630064 -0.28362697130431197 1.1627292242085752
-0.9881858880421361 0.04346869097311492 -0.146966402893514 2.3235828679085135
0.0 0.0 0.0 1.0
87 87 88
0.14169988121681076 0.2814427885866199 -0.9490580068761492 -0.5749970281094194
6.585412818367257e-18 -0.95873193384361 -0.2843115879251 1.1664363602116157
-0.9899096643952628 0.040286918237549506 -0.13585220114440275 2.3072594010672463
0.0 0.0 0.0 1.0
88 88 89
0.12986143271789305 0.2825942183933531 -0.9504086047711825 -0.5766360030766262
0.0 -0.958525250976644 -0.2850076196177243 1.1701985672178017
-0.9915321519206808 0.03701149781907396 -0.12447546238810497 2.2906093835634453
0.0 0.0 0.0 1.0
89 89 90
0.11775511587919354 0.28372602510569717 -0.9516476634563861 -0.578263622800117
0.0 -0.9583149827076857 -0.28571383221322627 1.174011192438974
-0.9930426640805909 0.03364426542055692 -0.11284649183751094 2.2736463771779536
0.0 0.0 0.0 1.0
90 90 91
0.1053915754975283 0.28483381210685976 -0.9527656140388479 -0.5798804116568164
0.0 -0.9581014728454771 -0.2864289924768917 1.177869583086971
-0.9944307999122658 0.0301872027853093 -0.10097582370968718 2.256383943691617
0.0 0.0 0.0 1.0
91 91 92
0.09278171458642717 0.28591323094760673 -0.9537532059225295 -0.5814868940236483
3.3089961532039086e-18 -0.9578850685846804 -0.287151868150849 1.1817690863736323
-0.9956864734636113 0.026642442673731438 -0.08887421904002402 2.2388356448852775
0.0 0.0 0.0 1.0
92 92 93
0.07993669212889977 0.28695999149292006 -0.9546015339050491 -0.5830835942775374
0.0 -0.9576661206127816 -0.28788122799249155 1.1857050495107972
-0.9967999424415559 0.0230122730917254 -0.07655266184570175 2.2210150425397788
0.0 0.0 0.0 1.0
93 93 94
0.0668679190848064 0.2879698722244617 -0.955302064316986 -0.584671036795408
0.0 -0.9574449832011667 -0.2886158418086539 1.1896728197103046
-0.99776183600961 0.01929914075665435 -0.0640223536648494 2.202935698435967
0.0 0.0 0.0 1.0
94 94 95
0.053587052680142785 0.2889387306637633 -0.9558466601434922 -0.5862497459541846
1.6581296407849407e-18 -0.9572220142803803 -0.2893544804854616 1.1936677441839947
-0.9985631816690698 0.015505653789009775 -0.05129470650583512 2.1846111743546834
0.0 0.0 0.0 1.0
95 95 96
0.040105989013574525 0.28986251387830614 -0.9562276050676385 -0.5878202461307915
-1.6587904748879115e-18 -0.9569975754996067 -0.2900959160137804 1.197685170143706
-0.9991954311571101 0.011634583620531517 -0.03838133424900468 2.1660550320767737
0.0 0.0 0.0 1.0
96 96 97
0.0264368540234317 0.2907372690301573 -0.9564376263752016 -0.5893830617021532
0.0 -0.9567720322703799 -0.2908389215101838 1.2017204448012773
-0.9996504852944073 0.0076888661122970405 -0.02529404255083412 2.147280833383081
0.0 0.0 0.0 1.0
97 97 98
0.012591992866089542 0.2915591539246194 -0.956469916661481 -0.5909387170451939
0.0 -0.9565457537945584 -0.2915822712333513 1.2057689153685487
-0.9999207177149898 0.0036716018792485455 -0.012044817307869327 2.1283021400544495
0.0 0.0 0.0 1.0
98 98 99
-0.0014160422358329339 0.29232444751445136 -0.9563181542822227 -0.5924877365368385
5.1842111023005675e-20 -0.9563191130765855 -0.29232474059581887 1.2098259290573599
-0.9999989974116905 -0.0004139441792625858 0.0013541882550507363 2.109132513871724
0.0 0.0 0.0 1.0
99 99 100
-0.01557450560975216 0.29302956031360816 -0.9559765224927991 -0.5940306445540108
-8.291774580254646e-19 -0.9560924869200599 -0.2930651061709934 1.2138868330795491
-0.9998787100318777 -0.004564344140082749 0.014890667800978365 2.0897855166157457
0.0 0.0 0.0 1.0
100 100 101
-0.029870473141189964 0.29367104467317595 -0.955439727222438 -0.5955679654736354
1.6574237246936402e-18 -0.9558662559086444 -0.2938021456953466 1.217946974646956
-0.9995537778600617 -0.00877600910181683 0.028552177323688973 2.0702747100673613
0.0 0.0 0.0 1.0
101 101 102
-0.04429085859423705 0.2942456048712221 -0.9547030134334729 -0.5971002236726372
0.0 -0.955640804371341 -0.29453463806570573 1.2220017009714201
-0.9990186784264773 -0.013045192005672961 0.04232615173329402 2.050613656007413
0.0 0.0 0.0 1.0
102 102 103
-0.058822431158676115 0.29475010696765674 -0.9537621800192843 -0.5986279435279397
3.3090272883565396e-18 -0.9554165203321496 -0.2952613633315525 1.2260463592647806
-0.9982684616838211 -0.017367991218387103 0.05619992249509974 2.0308159162167456
0.0 0.0 0.0 1.0
103 103 104
-0.07345183413205947 0.2951815883749286 -0.9526135931987799 -0.6001516494164678
3.3050423273130868e-18 -0.9551937954441475 -0.2959811026822552 1.2300762967388763
-0.997298765697941 -0.02174035486044107 0.07016073622693587 2.010895052476203
0.0 0.0 0.0 1.0
104 104 105
-0.08816560463944934 0.29553726709542405 -0.9512541983698828 -0.6016718657151462
0.0 -0.9549730249080085 -0.29669263842914634 1.2340868606055475
-0.9961058308024104 -0.026158085859179205 0.08419577415537846 1.990864626566628
0.0 0.0 0.0 1.0
105 105 106
-0.10295019428842164 0.29581455057684103 -0.9496815303895288 -0.6031891168008989
6.58973938187319e-18 -0.9547546073749853 -0.29739475398237525 1.2380733980766327
-0.9946865121715366 -0.030616847702842894 0.09829217232702045 1.9707382002688663
0.0 0.0 0.0 1.0
106 106 107
-0.11779199065224785 0.2960110441375349 -0.9478937222530737 -0.6047039270506501
0.0 -0.9545389448343867 -0.2980862338224557 1.242031256363971
-0.9930382907713986 -0.035112170867978465 0.11243704246713859 1.9505293353637603
0.0 0.0 0.0 1.0
107 107 108
-0.1326773394700083 0.29612455891489564 -0.9458895121517197 -0.6062168208413249
-6.56342696963935e-18 -0.9543264424855635 -0.2987658634664409 1.2459557826794025
-0.991159282653984 -0.03963945988918712 0.12661749337486244 1.9302515936321543
0.0 0.0 0.0 1.0
108 108 109
-0.14759256744873314 0.29615311929120464 -0.9436682488925758 -0.6077283225498471
0.0 -0.9541175085944339 -0.29943242942866105 1.2498423242347658
-0.9890482465652984 -0.04419400103678768 0.1408206527412412 1.9099185368548928
0.0 0.0 0.0 1.0
109 109 110
-0.16252400554954646 0.2960949697531046 -0.9412298956721673 -0.6092389565531413
6.531094385254839e-18 -0.9539125543345608 -0.30008471917595786 1.2536862282419003
-0.9867045898444636 -0.048770970564687474 0.15503368927445216 1.8895437268128192
0.0 0.0 0.0 1.0
110 110 111
-0.177458012637234 0.2959485811428256 -0.9385750322006181 -0.610749247228132
0.0 -0.9537119936128077 -0.3007215210773643 1.2574828419126456
-0.9841283725972152 -0.05336544348763513 0.1692438350148233 1.8691407252867769
0.0 0.0 0.0 1.0
111 111 112
-0.19238099937065736 0.2957126562615825 -0.935704855180236 -0.6122597189517435
6.492756715466534e-18 -0.9535162428795867 -0.3013416243481757 1.2612275124588406
-0.9813203101338253 -0.057972402844079264 0.18343840772132938 1.8487230940576103
0.0 0.0 0.0 1.0
112 112 113
-0.20727945221003707 0.29538613478811293 -0.9326211771488173 -0.6137708961009
0.0 -0.9533257209237123 -0.3019438189883739 1.2649155870923245
-0.978281773668255 -0.06258674939811673 0.1976048332108058 1.8283043949061635
0.0 0.0 0.0 1.0
113 113 114
-0.22213995741630738 0.2949681974781221 -0.9293264237046038 -0.6152833030525264
1.2896994912367566e-17 -0.9531408486518805 -0.30252689571536173 1.2685424130249376
-0.9750147892822352 -0.06720331173149811 0.21173066753127176 1.8078981896132806
0.0 0.0 0.0 1.0
114 114 115
-0.2369492249175178 0.2944582696134234 -0.9258236291363793 -0.6167974641835468
1.2848383872615376e-17 -0.9529620488527747 -0.3030896458909837 1.2721033374685178
-0.9715220351649196 -0.07181685667439353 0.22580361885147468 1.7875180399598043
0.0 0.0 0.0 1.0
115 115 116
-0.25169411191763325 0.2938560236727952 -0.9221164304886923 -0.6183139038708855
-1.2796936156421362e-17 -0.9527897459458183 -0.30363086144281015 1.2755937076349053
-0.9678068371457157 -0.07642210002163406 0.23981156895006012 1.7671775077265799
0.0 0.0 0.0 1.0
116 116 117
-0.26636164612403973 0.2931613811999774 -0.9182090600985232 -0.6198331464914671
1.2742710499260057e-17 -0.9526243657145677 -0.30414933477967343 1.2790088707359388
-0.9638731625447883 -0.08101371747944548 0.2537425941896015 1.7468901546944506
0.0 0.0 0.0 1.0
117 117 118
-0.28093904847159334 0.29237451384778995 -0.9141063366458764 -0.6213557164222159
0.0 -0.9524663350247552 -0.3046438587014529 1.2823441739834578
-0.9597256123725549 -0.08558635578630072 0.2675849858630806 1.7266695426442604
0.0 0.0 0.0 1.0
118 118 119
-0.29541375522318264 0.2914958435810355 -0.9098136547666881 -0.6228821380400561
0.0 -0.9523160815269811 -0.305113226303116 1.285594964589302
-0.9553694119161119 -0.09013464395046425 0.2813272698033121 1.7065292333568534
0.0 0.0 0.0 1.0
119 119 120
-0.30977343932940726 0.2905260420246255 -0.9053369732820679 -0.6244129357219126
0.0 -0.9521740333440445 -0.3055562308730336 1.28875658976531
-0.950810399756981 -0.09465320454607001 0.2949582251491383 1.6864827886130735
0.0 0.0 0.0 1.0
120 120 121
-0.32400603093319674 0.2894660289472042 -0.9006828021031891 -0.6259486338447094
-1.2499484809735802e-17 -0.9520406187429128 -0.305971665785595 1.2918243967233216
-0.9460550152707381 -0.0991366650092092 0.30846690216607586 1.666543770193764
0.0 0.0 0.0 1.0
121 121 122
-0.33809973690887957 0.28831696987442496 -0.8958581878760591 -0.6274897567853711
-1.2432529837237123e-17 -0.9519162657913115 -0.30635832438816646 1.2947937326751755
-0.9411102846649516 -0.10357966887548428 0.3218426390233255 1.6467257398797694
0.0 0.0 0.0 1.0
122 122 123
-0.35204305932941815 0.28708027282990056 -0.890870698434904 -0.6290368289208221
-1.236331451707906e-17 -0.951801401998922 -0.3067149998824417 1.2976599448327115
-0.9359838056173749 -0.10797688690083691 0.33507507743372983 1.6270422594519334
0.0 0.0 0.0 1.0
123 123 124
-0.36582481276016265 0.2857575842057041 -0.8857284061369557 -0.6305903746279868
1.2291950875722377e-17 -0.9516964539431656 -0.30704048520024896 1.300418380407769
-0.930683730581443 -0.11232302800817057 0.34815417706826923 1.6075068906910999
0.0 0.0 0.0 1.0
124 124 125
-0.37943414028253886 0.28435078376808653 -0.8804398701549843 -0.6321509182837897
1.2218557695550587e-17 -0.9516018468795483 -0.3073335728738934 1.3030643866121872
-0.9252187488308108 -0.11661285000336674 0.36107022866201743 1.5881331953781128
0.0 0.0 0.0 1.0
125 125 126
-0.3928605281565544 0.2828619788077738 -0.8750141178069664 -0.6337189842651548
1.2143260255767039e-17 -0.9515180043365408 -0.30759305490112515 1.3055933106578044
-0.919598067318844 -0.12084117000574407 0.3738138657341241 1.5689347352938159
0.0 0.0 0.0 1.0
126 126 127
-0.4060938190367967 0.28129349744779625 -0.8694606250047763 -0.6352950969490068
0.0 -0.951445347694954 -0.30781772260483664 1.3080004997564612
-0.9138313904326714 -0.1250028745398074 0.38637607485023673 1.5499250722190536
0.0 0.0 0.0 1.0
127 127 128
-0.41912422366271895 0.2796478811252378 -0.8637892959057133 -0.6368797807122701
0.0 -0.9513842957517743 -0.3080063664876107 1.3102813011199963
-0.9079288987245218 -0.12909292923729473 0.3987482043618651 1.531117767934669
0.0 0.0 0.0 1.0
128 128 129
-0.4319423309504015 0.2779278762665665 -0.8580104418520148 -0.6384735599318689
0.0 -0.9513352642684145 -0.3081577760812566 1.312431061960249
-0.9019012267056377 -0.13310638810102987 0.41092197156341514 1.5125263842215073
0.0 0.0 0.0 1.0
129 129 130
-0.44453911641957894 0.276136425179265 -0.8521347596842392 -0.6400769589847277
2.3651490757121675e-17 -0.9512986655033288 -0.308270739791479 1.314445129489059
-0.895759439790003 -0.13703840228491404 0.42288946821397433 1.494164482860411
0.0 0.0 0.0 1.0
130 130 131
-0.45690594889655034 0.2742766561853482 -0.8461733095145032 -0.6416905022477716
0.0 -0.9512749077289382 -0.3083440447378549 1.3163188509182648
-0.8895150104764636 -0.14088422834755 0.43464316437736866 1.4760456256322243
0.0 0.0 0.0 1.0
131 131 132
-0.4690345954405088 0.27235187302494945 -0.840137492045058 -0.6433147140979236
2.3318499687981447e-17 -0.951264394732805 -0.3083764765892979 1.3180475734597057
-0.8831797938585091 -0.14463923594043088 0.44617591054046163 1.4581833743177917
0.0 0.0 0.0 1.0
132 132 133
-0.48091722444790996 0.27036554356051956 -0.834039025516518 -0.6449501189121095
2.314923323910917e-17 -0.9512675253029919 -0.30836681939521554 1.3196266443252218
-0.8767660025510333 -0.14829891489537703 0.45748093797614686 1.4405912906979566
0.0 0.0 0.0 1.0
133 133 134
-0.49254640689658863 0.2683212878142507 -0.8278899223682832 -0.646597241067253
-2.297856134171004e-17 -0.9512846926975291 -0.30831385541257733 1.3210514107266524
-0.8702861811227731 -0.1518588816798993 0.4685518573238934 1.423282936553563
0.0 0.0 0.0 1.0
134 134 135
-0.5039151156984804 0.26622286537313244 -0.8217024656912659 -0.6482566049402785
-2.280682492004265e-17 -0.951316284097918 -0.3082163649291343 1.322317219875836
-0.8637531801218372 -0.1553148851934297 0.4793826553670507 1.406271873665455
0.0 0.0 0.0 1.0
135 135 136
-0.5150167231369237 0.2640741621975376 -0.8154891855499825 -0.6499287349081103
-2.263437175326018e-17 -0.9513626800465824 -0.30807312608305215 1.323419418984612
-0.8571801297797945 -0.1586628118818418 0.4899676899923524 1.3895716638144762
0.0 0.0 0.0 1.0
136 136 137
-0.5258449963715632 0.2618791768704138 -0.8092628352474028 -0.6516141553476733
0.0 -0.95142425386818 -0.3078829146792284 1.3243533552648203
-0.8505804134771682 -0.1618986901523652 0.5003016833231305 1.3731958687814705
0.0 0.0 0.0 1.0
137 137 138
-0.5363940910008772 0.2596420063250452 -0.8030363676016473 -0.6533133906358912
0.0 -0.9515013710746781 -0.30764450400260307 1.3251143759282993
-0.8439676410499058 -0.165018694075892 0.5103797130236902 1.3571580503472822
0.0 0.0 0.0 1.0
138 138 139
-0.5466585426791625 0.2573668310899074 -0.7968229112987613 -0.655026965149689
0.0 -0.9515943887540922 -0.30735666462877576 1.325697828186889
-0.8373556220124724 -0.1680191463686946 0.5201972017779803 1.3414717702927552
0.0 0.0 0.0 1.0
139 139 140
-0.5566332567915545 0.2550579000894025 -0.790635747380304 -0.656755403265991
0.0 -0.9517036549427783 -0.30701816423227596 1.3260990592524284
-0.8307583387686381 -0.1708965206507761 0.5297499049512245 1.326150590398733
0.0 0.0 0.0 1.0
140 140 141
-0.5663134961971434 0.25271951503922563 -0.7844882859184747 -0.6584992293617217
2.1773923939385338e-17 -0.9518295079811699 -0.3066277673928504 1.326313416336757
-0.8241899198758548 -0.1736474429833696 0.5390338964484233 1.3112080724460593
0.0 0.0 0.0 1.0
141 141 142
-0.5756948670566009 0.2503560144747779 -0.7783940429249104 -0.660258967813805
2.1604774717157456e-17 -0.9519722758528332 -0.3061842354001549 1.326336246651714
-0.817664613423305 -0.17626869269351916 0.5480455527886664 1.2966577782155784
0.0 0.0 0.0 1.0
142 142 143
-0.5847733027668264 0.24797175745044364 -0.7723666175321899 -0.6620351429991657
0.0 -0.9521322755067234 -0.3056863260572655 1.3261628974091382
-0.8111967605773447 -0.1787572024991641 0.5567815354189604 1.2825132694881347
0.0 0.0 0.0 1.0
143 143 144
-0.5935450460310149 0.24557110694667458 -0.7664196694794735 -0.6638282792947281
2.127241908954285e-17 -0.9523098121625084 -0.30513279348344047 1.3257887158208692
-0.8048007693411088 -0.18111005795370083 0.5652387712957833 1.2687881080445709
0.0 0.0 0.0 1.0
144 144 145
-0.602006629098182 0.24315841302072622 -0.7605668969256324 -0.6656389010774165
2.110997201836364e-17 -0.9525051785988208 -0.3045223879166006 1.325209049098747
-0.7984910885675832 -0.18332449623460167 0.573414431766838 1.255495855665732
0.0 0.0 0.0 1.0
145 145 146
-0.610154852211596 0.24073799573556812 -0.7548220146046796 -0.6674675327241559
0.0 -0.9527186544243034 -0.30385385551601046 1.3244192444546095
-0.7922821822574614 -0.185397904306295 0.5813059097894916 1.2426500741324613
0.0 0.0 0.0 1.0
146 146 147
-0.6179867603107333 0.23831412789997838 -0.7491987323293581 -0.66931469861187
2.0794442066300824e-17 -0.9529505053312991 -0.3031259381656765 1.323414649100297
-0.7861885041646466 -0.1873278164931581 0.5889107955261657 1.2302643252256025
0.0 0.0 0.0 1.0
147 147 148
-0.6254996180362972 0.2358910176511769 -0.7437107338393998 -0.6711809231174832
0.0 -0.9532009823320329 -0.30233737327900406 1.3221906102476486
-0.7802244727233608 -0.1891119115041144 0.5962268503605097 1.218352170726
0.0 0.0 0.0 1.0
148 148 149
-0.6326908830925848 0.2334727909095525 -0.7383716559812067 -0.6730667306179204
2.0493930330023524e-17 -0.9534703209771346 -0.3014868936052772 1.3207424751085035
-0.7744044463014952 -0.190748008955963 0.6032519793815936 1.2069271724144979
0.0 0.0 0.0 1.0
149 149 150
-0.6395581780259687 0.23106347373318462 -0.7331950681956727 -0.6749726454901054
2.0350251156311192e-17 -0.9537587405563429 -0.3005732270385674 1.3190655908947009
-0.7687426987751516 -0.19223406544817204 0.6099842023865574 1.19600289207194
0.0 0.0 0.0 1.0
150 150 151
-0.6460992604826394 0.22866697459792898 -0.7281944522804445 -0.6768991921109637
0.0 -0.9540664432812243 -0.29959509642968873 1.31715530481808
-0.7632533954092745 -0.19356817024744696 0.6164216234553009 1.1855928914791691
0.0 0.0 0.0 1.0
151 151 152
-0.6523119920129318 0.22628706662693604 -0.7233831823822681 -0.6788468948574182
0.0 -0.954393613449745 -0.29855121940186086 1.31500696409048
-0.7579505690189307 -0.1947485406459177 0.6225623991538234 1.1757107324170308
0.0 0.0 0.0 1.0
152 152 153
-0.6581943054936524 0.223927369791609 -0.7187745051641304 -0.6808162781063941
0.0 -0.9547404165925304 -0.2974403081707681 1.312615915923741
-0.7528480963751778 -0.19577351706227666 0.6284047054258407 1.1663699766663678
0.0 0.0 0.0 1.0
153 153 154
-0.6637441712438623 0.22159133310423476 -0.7143815200807524 -0.6828078662348162
1.9828070299009248e-17 -0.9551069986006296 -0.29626106936973146 1.3099775075297013
-0.7479596748086078 -0.19664155796063282 0.6339467032353877 1.157584186008024
0.0 0.0 0.0 1.0
154 154 155
-0.6689595619135627 0.219282216820923 -0.7102171596846388 -0.6848221836196082
1.9712486079144188e-17 -0.9554934848346308 -0.29501220388074273 1.3070870861202009
