0 0 1
0.9988898749619699 0.010195702005589445 -0.0459898397374166 0.021908597200284305
0.0 -0.9762960071199333 -0.2164396139381029 4.173124769176374
-0.04710645070964319 0.21619933890344864 -0.9752121964779008 -0.8964430892446715
0.0 0.0 0.0 1.0
1 1 2
0.9988089468145998 0.01063805733348811 -0.047618478548558996 0.017585577091385887
0.0 -0.975942644866645 -0.2180274155483612 4.18576110772141
-0.048792292046081966 0.2177677333005677 -0.9747802452707084 -0.9065627004423119
0.0 0.0 0.0 1.0
2 2 3
0.9987182015679557 0.011116985869107057 -0.04937981857048733 0.013368399377320752
1.7781419075866283e-18 -0.9755821335605598 -0.2196349259052983 4.198711292475037
-0.050615747123480964 0.2193533982016507 -0.9743316339114314 -0.9166220114360577
0.0 0.0 0.0 1.0
3 3 4
0.9986173619817652 0.011631173193788097 -0.051264804288285906 0.009250101897621979
-1.7788119044102236e-18 -0.9752146765354404 -0.22126078430186483 4.211954679085156
-0.05256771203486179 0.22095486072954462 -0.973866307647722 -0.926624988686573
0.0 0.0 0.0 1.0
4 4 5
0.99850616964512 0.01217924959123389 -0.05326438829110159 0.005223722491822659
-1.7794946996699993e-18 -0.9748404849413181 -0.2229036314629616 4.225470623199665
-0.05463908107417996 0.22257065125206923 -0.9733842386337469 -0.9365755986545212
0.0 0.0 0.0 1.0
5 5 6
0.9983843962553505 0.012759786864931262 -0.055369532714308986 0.001282298999455855
0.0 -0.9744597779889347 -0.2245621096306234 4.2392384804664625
-0.05682074721296267 0.22419930624539777 -0.9728854371226054 -0.9464778078005668
0.0 0.0 0.0 1.0
6 6 7
0.9982518540704738 0.013371295424908988 -0.0575712107178704 -0.002581130739945329
0.0 -0.9740727831753245 -0.2262348626473765 4.253237606533449
-0.059103602638600865 0.22583937109312255 -0.9723699618043541 -0.9563355825853734
0.0 0.0 0.0 1.0
7 7 8
0.9981084055345754 0.014012221644606828 -0.059860407999028746 -0.006373528886847918
-1.781616080693305e-18 -0.9736797364905632 -0.22792053603760112 4.267447357048523
-0.061478539355028394 0.2274894028130758 -0.9718379292899214 -0.9661528894696071
0.0 0.0 0.0 1.0
8 8 9
0.9979539720755414 0.014680945487986829 -0.0622281243348101 -0.01010185760171875
-1.7823461931488067e-18 -0.9732808826057153 -0.22961777708670542 4.281847087659583
-0.06393644984396481 0.2291479727028339 -0.9712895227415622 -0.9759336949139302
0.0 0.0 0.0 1.0
9 9 10
0.9977885420746454 0.015375778406377981 -0.06466537514738062 -0.013773079045024719
-1.7830870829741283e-18 -0.9728764750420082 -0.2313252349179323 4.296416154014527
-0.0664682277825542 0.23081366889383848 -0.9707249996508857 -0.9856819653790065
0.0 0.0 0.0 1.0
10 10 11
0.9976121780076012 0.01609496150390877 -0.0671631930831015 -0.017394155377232882
-3.567676589505836e-18 -0.9724667763212727 -0.23304156056658962 4.311133911761256
-0.06906476881109702 0.23248509880312576 -0.9701446987658956 -0.995401667325502
0.0 0.0 0.0 1.0
11 11 12
0.9974250227568174 0.01683666396975724 -0.06971262959415293 -0.020972048758810063
-7.138397420284992e-18 -0.9720520580976844 -0.23476540705149865 4.325979716547668
-0.07171697134264726 0.23416089147085453 -0.9695490461688944 -1.0050967672140794
0.0 0.0 0.0 1.0
12 12 13
0.9972273050947509 0.01759898177483729 -0.07230475650985595 -0.024513721350223238
-3.570739544366617e-18 -0.9716326012708467 -0.23649542944346263 4.340932924021662
-0.07441573740453435 0.23583969977113006 -0.9689385605075291 -1.0147712315054036
0.0 0.0 0.0 1.0
13 13 14
0.9970193443384131 0.01837993662994402 -0.07493066758330849 -0.028026135311939263
-3.572298071419755e-18 -0.971208696080262 -0.23823028493052162 4.355972889831135
-0.07715197350036508 0.23752020248298197 -0.9683138573817078 -1.024429026660138
0.0 0.0 0.0 1.0
14 14 15
0.9968015541752809 0.019177475201813374 -0.07758147999766603 -0.0315162528044252
-3.573873232739965e-18 -0.9707806421812305 -0.23996863287979414 4.37107896962399
-0.07991659147976986 0.23920110620789622 -0.9676756528895281 -1.0340741191389475
0.0 0.0 0.0 1.0
15 15 16
0.9965744456610539 0.01998946858300692 -0.08024833581534217 -0.03499103598814778
0.0 -0.9703487487022323 -0.24170913489566728 4.386230519048122
-0.08270050940207656 0.24088114711986253 -0.9670247663358246 -1.043710475402495
0.0 0.0 0.0 1.0
16 16 17
0.9963386293899055 0.020813712011027056 -0.08292240335257196 -0.038457447023574155
0.0 -0.9699133342838344 -0.24345045487411807 4.401406893751433
-0.08549465237922552 0.24255909253362787 -0.9663621221073486 -1.0533420619114469
0.0 0.0 0.0 1.0
17 17 18
0.9960948168380869 0.021647924831600378 -0.08559487846117704 -0.04192244807117111
3.578687360252014e-18 -0.9694747270991824 -0.24519125905294015 4.4165874493818205
-0.08828995338258078 0.24423374227663833 -0.9656887507190142 -1.0629728451264655
0.0 0.0 0.0 1.0
18 18 19
0.9958438208819449 0.022489750700646478 -0.08825698569898911 -0.04539300129140561
0.0 -0.9690332648561271 -0.24693021605764454 4.431751541587183
-0.09107735399784514 0.24590392985004894 -0.9650057890360313 -1.0726067915082156
0.0 0.0 0.0 1.0
19 19 20
0.9955865554916111 0.023336758019081798 -0.09089997937022813 -0.04887606884474455
-3.581958804054205e-18 -0.968589294781044 -0.24866599694280644 4.4468785260154196
-0.09384780511204872 0.24756852336417612 -0.9643144796771085 -1.0822478675173608
0.0 0.0 0.0 1.0
20 20 21
0.9953240346018025 0.0241864405943002 -0.09351514441719098 -0.05237861289165491
0.0 -0.9681431735844022 -0.2503972752286296 4.461947758314431
-0.09659226751655486 0.24922642623385757 -0.9636161696042205 -1.091900039614566
0.0 0.0 0.0 1.0
21 21 22
0.9950573701613391 0.02503621852192919 -0.09609379714488263 -0.055907595592603554
3.585268078499668e-18 -0.9676952674081425 -0.252122726932507 4.476938594132114
-0.09930171241020791 0.2508765776193658 -0.9629123079047202 -1.1015672742604945
0.0 0.0 0.0 1.0
22 22 23
0.9947877693631171 0.02588343928128892 -0.09862728576071458 -0.05946997910805754
0.0 -0.9672459517549268 -0.2538410305953426 4.49183038911637
-0.1019671217871419 0.2525179525987757 -0.9622044427717887 -1.1112535379158117
0.0 0.0 0.0 1.0
23 23 24
0.9945165310563846 0.02672537903788863 -0.10110699071209804 -0.0630727255984836
3.588604365851447e-18 -0.9667956113993187 -0.255550867302417 4.506602498915093
-0.10457948869436633 0.2541495620580502 -0.9614942176893869 -1.1209627970411802
0.0 0.0 0.0 1.0
24 24 25
0.994245041343237 0.027559244146286077 -0.10352432480567265 -0.06672279722434882
-3.5902790860876475e-18 -0.966344640280958 -0.25725092069857786 4.521234279176188
-0.10712981734505579 0.25577045228554335 -0.9607833668279565 -1.1306990180972656
0.0 0.0 0.0 1.0
25 25 26
0.9939747683612713 0.028382172846714314 -0.1058707330930339 -0.07042715614612007
3.591956217238057e-18 -0.9658934413797942 -0.25893987699753485 4.5357050855475505
-0.10960912307448313 0.25737970425812073 -0.9600737096571519 -1.140466167544731
0.0 0.0 0.0 1.0
26 26 27
0.9937072562543283 0.029191237149056685 -0.10813769250914453 -0.07419276452426422
-3.593634230750993e-18 -0.9654424265734395 -0.2606164249850514 4.54999427367708
-0.11200843212675894 0.2589764326067074 -0.9593671447818133 -1.1502682118442409
0.0 0.0 0.0 1.0
27 27 28
0.9934441183331748 0.029983444898023275 -0.11031671125114313 -0.07802658451924833
3.595311559800191e-18 -0.9649920164767106 -0.26227925601581964 4.5640811992126755
-0.1143187812619645 0.260559784249717 -0.9586656430072583 -1.1601091174564595
0.0 0.0 0.0 1.0
28 28 29
0.9931870294278596 0.030755742013764034 -0.1123993278869875 -0.08193557829153922
7.193973199580095e-18 -0.9645426402634143 -0.26392706400382954 4.577945217802237
-0.11653121717490013 0.2621289366835801 -0.9579712396397251 -1.1699928508420512
0.0 0.0 0.0 1.0
29 29 30
0.9929377174332971 0.031505014902637234 -0.11437711018529192 -0.08592670800160382
0.0 -0.9640947354704499 -0.2655585454060238 4.59156568509366
-0.11863679571850294 0.2636830959203638 -0.9572860260274869 -1.1799233784616794
0.0 0.0 0.0 1.0
30 30 31
0.9926979540493948 0.03222809303345435 -0.1162416536598327 -0.09000693580990915
-7.200646417962786e-18 -0.9636487477842837 -0.26717239919905994 4.6049219567348505
-0.12062658092703071 0.2652214940633749 -0.9566121403477197 -1.1899046667760094
0.0 0.0 0.0 1.0
31 31 32
0.9924695447167481 0.03292175167523498 -0.11798457982450447 -0.09418322387692205
-7.203962771744181e-18 -0.9632051308098617 -0.2687673268489998 4.6179933883737
-0.12249164383634788 0.2667433865125642 -0.9559517576436993 -1.199940682245704
0.0 0.0 0.0 1.0
32 32 33
0.9922543177485663 0.033582714793337395 -0.11959753415700788 -0.09846253436310942
0.0 -0.962764345822018 -0.2703420322737511 4.6307593356581105
-0.12422306110109875 0.2682480487925518 -0.955307079116271 -1.2100353913314277
0.0 0.0 0.0 1.0
33 33 34
0.9920541126590894 0.03420765810178106 -0.12107218377223687 -0.10285182942893834
-7.210537481096042e-18 -0.9623268614994394 -0.27189522179810144 4.6431991542359805
-0.12581191341119746 0.26973477299716175 -0.9546803206728327 -1.2201927604938458
0.0 0.0 0.0 1.0
34 34 35
0.9918707676882855 0.03479321227064939 -0.12240021480920936 -0.10735807123487556
7.21378863924758e-18 -0.9618931536412432 -0.2734256041011953 4.655292199755211
-0.1272492837129194 0.2712028638454858 -0.9540737007362459 -1.2304167561936212
0.0 0.0 0.0 1.0
35 35 36
0.9917061065221032 0.035335966288650614 -0.12357332953844984 -0.11198822194138816
0.0 -0.961463704866222 -0.27493189015630476 4.667017827863698
-0.1285262552429307 0.2726516343456715 -0.9534894273151974 -1.2407113448914189
0.0 0.0 0.0 1.0
36 36 37
0.9915619242069964 0.03583247098222993 -0.1245832431999845 -0.11674924370894299
0.0 -0.9610390042948068 -0.27641279316277334 4.678355394209341
-0.1296339093868531 0.27408040106391 -0.9529296843365344 -1.2510804930479023
0.0 0.0 0.0 1.0
37 37 38
0.9914399722568389 0.036279242694053804 -0.12542168058555223 -0.12164809869800691
-7.223352808125674e-18 -0.9606195472138014 -0.2778670284700055 4.689284254440041
-0.13056332337742613 0.27548847899739254 -0.9523966172390286 -1.2615281671237355
0.0 0.0 0.0 1.0
38 38 39
0.9913419429497206 0.03667276712523756 -0.12608037238226652 -0.126691749069047
-7.226465048405216e-18 -0.9602058347239292 -0.2792933134934002 4.699783764203696
-0.13130556785099748 0.27687517605141276 -0.9518923178268782 -1.2720583335795836
0.0 0.0 0.0 1.0
39 39 40
0.9912694528114712 0.03700950334734778 -0.12655105129879088 -0.1318871569825301
-7.229532885685135e-18 -0.9597983733702371 -0.2806903676221309 4.709833279148204
-0.13185170428495246 0.27823978712224035 -0.9514188083800551 -1.28267495887611
0.0 0.0 0.0 1.0
40 40 41
0.9912240252821123 0.037285887991985164 -0.12682544799911222 -0.137241284598923
0.0 -0.9593976747553968 -0.28205691211870315 4.719412154921464
-0.13219278234278292 0.2795815877889439 -0.9509780250173432 -1.2933820094739779
0.0 0.0 0.0 1.0
41 41 42
0.9912070725607919 0.03749833962762525 -0.12689528687321766 -0.14276109407869292
7.235519411666921e-18 -0.959004255135934 -0.28339167001020366 4.728499747171376
-0.13231983715779327 0.280899827618928 -0.950571800306632 -1.304183451833854
0.0 0.0 0.0 1.0
42 42 43
0.9912198766241426 0.037643263335376986 -0.12675228167841035 -0.1484535475823066
0.0 -0.9586186350014174 -0.2846933659712133 4.737075411545837
-0.1322238865909621 0.28219372309369795 -0.950201845115709 -1.3150832524164002
0.0 0.0 0.0 1.0
43 43 44
0.9912635694124331 0.03771705549737992 -0.12638813108963173 -0.15432560727023104
-7.241280066021542e-18 -0.9582413386366302 -0.2859607261983345 4.7451185036927495
-0.13189592850320433 0.2834624501631326 -0.949869729695494 -1.3260853776822816
0.0 0.0 0.0 1.0
44 44 45
0.9913391121773775 0.03771610881371402 -0.12579451420201476 -0.16038423530293305
-1.4488130836117673e-17 -0.9578728936667465 -0.2871924782763183 4.75260837926001
-0.1313269380872364 0.2847051364384661 -0.9495768639863682 -1.337193794092162
0.0 0.0 0.0 1.0
45 45 46
0.9914472739850456 0.03763681756591964 -0.12496308603396239 -0.16663639384087972
0.0 -0.9575138305855215 -0.2883873510357918 4.759524393895517
-0.13050786530942035 0.28592085303620424 -0.9493244771369943 -1.3484124681067062
0.0 0.0 0.0 1.0
46 46 47
0.99158860936702 0.03747558314750804 -0.12388547308435212 -0.1730890450445378
-7.249425341808844e-18 -0.9571646822665067 -0.2895440744025971 4.765845903247171
-0.1294296325173626 0.2871086060873322 -0.949113596223871 -1.359745366186577
0.0 0.0 0.0 1.0
47 47 48
0.9917634351127832 0.037228819884180676 -0.12255326900300821 -0.17974915107437442
0.0 -0.9568259834572903 -0.29066137923877916 4.771552262962869
-0.12808313227467724 0.28826732792847104 -0.948945024158769 -1.37119645479244
0.0 0.0 0.0 1.0
48 48 49
0.9919718061963372 0.036892961168842116 -0.12095803043936616 -0.18662367409085637
0.0 -0.9564982702567514 -0.2917379971752779 4.776622828690512
-0.12645922549018052 0.2893958679940623 -0.948819316770262 -1.3827697003849588
0.0 0.0 0.0 1.0
49 49 50
0.9921147013144778 0.03664389115560878 -0.11985676733777063 -0.1909080578725313
7.255944154454714e-18 -0.9563047559630353 -0.2923717047227372 4.7793842730603115
-0.12533323356430479 0.29006626650380307 -0.9487640073278814 -1.3898625357743029
0.0 0.0 0.0 1.0
50 50 51
0.992403709077242 0.03608552170835601 -0.11761255601664528 -0.1981043317471362
7.258151416656077e-18 -0.9560139359980541 -0.29332124740207377 4.783302524576422
-0.12302389284091425 0.29109309387298127 -0.9487517760140021 -1.4014555974276837
0.0 0.0 0.0 1.0
51 51 52
0.9927814532525437 0.035279618303259375 -0.11463129856258064 -0.20569163547951733
0.0 -0.955759204573239 -0.2941502046124214 4.786539110089655
-0.11993742567592144 0.29202686760965285 -0.9488600120757157 -1.4132160152713489
0.0 0.0 0.0 1.0
52 52 53
0.9932358898343969 0.03423797587362269 -0.11095146755654596 -0.21365175654252083
-7.26175983272967e-18 -0.9555388864050223 -0.2948651158883501 4.789117191331108
-0.11611402647774317 0.29287061576048795 -0.9490755161098609 -1.4251369905619158
0.0 0.0 0.0 1.0
53 53 54
0.9937539034097507 0.03297290363947289 -0.10661128966233285 -0.22196648240899366
7.263186125243937e-18 -0.9553512445165628 -0.29547250227500754 4.791059930031887
-0.11159381460405325 0.2936269524860352 -0.9493840283656976 -1.4372117245560083
0.0 0.0 0.0 1.0
54 54 55
0.9943216003456697 0.03149715153220306 -0.10164882946391335 -0.23061760055178201
-7.264378085167877e-18 -0.9551944877531618 -0.29597886844498605 4.792390487923089
-0.10641689286023295 0.2942981821407189 -0.9497705117040862 -1.449433418510244
0.0 0.0 0.0 1.0
55 55 56
0.994924585570912 0.02982384102613805 -0.09610206830759015 -0.23958689844373263
-3.63267473272595e-18 -0.9550667778477789 -0.2963907047318815 4.793132026735816
-0.10062340198258594 0.29488639907243774 -0.9502194181427476 -1.4617952736812445
0.0 0.0 0.0 1.0
56 56 57
0.9955482231451691 0.027966399762919217 -0.09000897664564911 -0.2488561635576919
3.633057191992468e-18 -0.9549662360395912 -0.2967144890705126 4.79330770820117
-0.0942535696538673 0.2953935823755756 -0.9507149394528454 -1.4742904913256292
0.0 0.0 0.0 1.0
57 57 58
0.9961778807333019 0.025938499480112735 -0.08340757868699589 -0.2584071833665064
0.0 -0.9548909492481988 -0.2969566888350448 4.792940694050253
-0.08734775290588317 0.29582168495327354 -0.9512412421534816 -1.486912272700019
0.0 0.0 0.0 1.0
58 58 59
0.9967991580285939 0.023753996877271956 -0.07633600844844303 -0.26822174534302273
0.0 -0.9548389758057245 -0.29712376256751144 4.792054146014164
-0.07994647305220043 0.29617271635758324 -0.9517826871360312 -1.499653819061034
0.0 0.0 0.0 1.0
59 59 60
0.9973980991013295 0.02142687716883578 -0.06883255656915617 -0.2782816369600872
-3.633657947412017e-18 -0.9548083507487659 -0.2972221615903186 4.790671225824004
-0.07209044256386875 0.2964488189809719 -0.9523240340428946 -1.512508331665294
0.0 0.0 0.0 1.0
60 60 61
0.9979613885892464 0.018971200182102986 -0.060935707501214756 -0.28856864569054647
-3.633700799729503e-18 -0.954797090671825 -0.2972583314974005 4.788815095210874
-0.06382058355282427 0.29665233727086837 -0.9528506304278274 -1.5254690117694196
0.0 0.0 0.0 1.0
61 61 62
0.9984765315964089 0.016401048958753824 -0.05268416692193105 -0.29906455900724704
-3.633677556484159e-18 -0.9548031981435772 -0.2972387135196168 4.786508915905878
-0.05517803776146208 0.29678587973124565 -0.9533485856395577 -1.538529060630031
0.0 0.0 0.0 1.0
62 62 63
0.9989320171280256 0.013730480908983341 -0.04411687942887511 -0.3097511643830355
0.0 -0.9548246656870615 -0.2971697457608888 4.783775849640115
-0.04620416817272938 0.2968523735623472 -0.9538049292983692 -1.5516816795037482
0.0 0.0 0.0 1.0
63 63 64
0.9993174648614378 0.010973481647494635 -0.035273036776566846 -0.32061024929075826
3.633463380818614e-18 -0.9548594793246418 -0.29705786430235115 4.7806390581446845
-0.03694055255283736 0.2968551118717786 -0.9542077541776135 -1.5649200696471919
0.0 0.0 0.0 1.0
64 64 65
0.999623755038196 0.008143921709879334 -0.026192077094424827 -0.33162360120326195
-1.81664390341493e-18 -0.9549056216883622 -0.296909504172504 4.77712170315069
-0.02742896941806123 0.29679779346744734 -0.9545463432592035 -1.5782374323169819
0.0 0.0 0.0 1.0
65 65 66
0.9998431412586729 0.005255516406013166 -0.016913675688498327 -0.3427730075933931
1.8165384139126294e-18 -0.9549610746961293 -0.29673110018198906 4.773246946389233
-0.01771137707773094 0.29668455531510196 -0.954811280703936 -1.5916269687697384
0.0 0.0 0.0 1.0
66 66 67
0.9999693459684956 0.002321789113967784 -0.0074777281743319554 -0.35404025593399807
0.0 -0.9550238217939752 -0.2965290876221581 4.769037949591412
-0.007829886547002915 0.2965199978101642 -0.9549945464636547 -1.6050818802620828
0.0 0.0 0.0 1.0
67 67 68
0.999997638444324 -0.0006439616462579139 0.0020756731855190993 -0.36540713369792355
0.0 -0.9550918497645255 -0.29630990282705116 4.764517874488329
0.0021732707550910927 0.2963092030747183 -0.9550895942619468 -1.6185953680506335
0.0 0.0 0.0 1.0
68 68 69
0.9999248951139915 -0.0036286909948086052 0.011706268958875053 -0.37685542835801594
-4.540385262434413e-19 -0.9551631501016629 -0.29607998359880483 4.759709882811088
0.01225577950492447 0.2960577465453872 -0.9550914126821546 -1.6321606333920118
0.0 0.0 0.0 1.0
69 69 70
0.999749642081306 -0.006619631950608012 0.02137366676869073 -0.3883669273871218
-9.08008065310455e-19 -0.955235719951282 -0.2958457694968029 4.754637136290787
0.02237528007200234 0.2957717021656973 -0.9549965691245729 -1.6457708775428381
0.0 0.0 0.0 1.0
70 70 71
0.9994720797672367 -0.009604314782013528 0.031037379131017347 -0.39992341825808775
0.0 -0.955307562617987 -0.29561370199109677 4.749322796658526
0.03248941005550139 0.29545764153673354 -0.9548032364271691 -1.6594193017597316
0.0 0.0 0.0 1.0
71 71 72
0.9990940896249669 -0.012570581068398291 0.04065686372633294 -0.4115066884437602
-3.631496347825916e-18 -0.9553766876375033 -0.2953902244807578 4.743790025645409
0.042555846560241056 0.29512262741171735 -0.9545112019841077 -1.673099107299314
0.0 0.0 0.0 1.0
72 72 73
0.99861922293446 -0.015506592102892867 0.050191564900184886 -0.4230985254169857
1.8156257429869768e-18 -0.9554411104145978 -0.29518178217789787 4.738061984982536
0.052532347994116636 0.2947742019429014 -0.9541218592418635 -1.6868034954182045
0.0 0.0 0.0 1.0
73 73 74
0.9980526717307394 -0.018400831284743163 0.05960095518667158 -0.4346807166506108
3.6310320486254216e-18 -0.9554988514262831 -0.29499482185803494 4.732161836401008
0.062376794171656647 0.2944203701021453 -0.9536381815016545 -1.7005256673730231
0.0 0.0 0.0 1.0
74 74 75
0.9974012219670206 -0.021242100173855628 0.0688445756679338 -0.446235049617482
-3.630845533656525e-18 -0.9555479349901259 -0.2948357914774018 4.726112741631925
0.0720472235321666 0.29406957869917427 -0.9530646780072147 -1.7142588244203911
0.0 0.0 0.0 1.0
75 75 76
0.9966731890571867 -0.024019507909075918 0.07788207402466242 -0.45774331179044586
0.0 -0.9555863875975463 -0.2947111396575837 4.71993786240639
0.08150186632572996 0.29373069141320185 -0.9524073323464836 -1.727996167816928
0.0 0.0 0.0 1.0
76 76 77
0.9958783359799 -0.02672245372457705 0.08667323919666972 -0.46918729064234893
7.261202445791917e-18 -0.9556122358120619 -0.29462731503761125 4.713660360455504
0.09069917268589217 0.293412960233882 -0.9516735232425482 -1.7417308988192546
0.0 0.0 0.0 1.0
77 77 78
0.9950277741571962 -0.029340602334461428 0.09517803165871151 -0.48054877364603765
3.630558413854764e-18 -0.9556235037325599 -0.294590765493262 4.707303397510366
0.0995978345938088 0.2931259936760251 -0.9508719278513101 -1.755456218683991
0.0 0.0 0.0 1.0
78 78 79
0.9941338473420296 -0.03186385199345074 0.10335660842478157 -0.4918095482743585
0.0 -0.9556182100217963 -0.2946079372229091 4.70089013530208
0.10815680084458011 0.2928797220889097 -0.9500124077190721 -1.769165328667756
0.0 0.0 0.0 1.0
79 79 80
0.993209998760593 -0.03428229508060464 0.11116934202373069 -0.5029514020001581
0.0 -0.9555943645004998 -0.2946852736987138 4.6944437355617445
0.11633528425195368 0.2926843603250645 -0.949105877581171 -1.782851430027172
0.0 0.0 0.0 1.0
80 80 81
0.9922706217551839 -0.03658617109280737 0.11857683283993001 -0.5139561222962831
0.0 -0.9555499643076238 -0.29482921448136507 4.687987360020462
0.12409276047207944 0.2925503679650166 -0.9481641572016697 -1.7965077240188578
0.0 0.0 0.0 1.0
81 81 82
0.9913308941611184 -0.03876581197491891 0.12553991438440126 -0.5248054966355795
-7.262184653451794e-18 -0.9554829896275219 -0.2950461938958933 4.6815441704093335
0.1313889579900745 0.29248840721365066 -0.9471998064631897 -1.8101274118994348
0.0 0.0 0.0 1.0
82 82 83
0.9904065966262422 -0.04081157975386661 0.13201965125396134 -0.5354813124908945
7.262880858335906e-18 -0.9553913989850428 -0.29534263956530726 4.675137328459457
0.1381838389943766 0.2925092984904869 -0.9462259439147606 -1.8237036949255219
0.0 0.0 0.0 1.0
83 83 84
0.9895139150438739 -0.042713796484699584 0.1379773297480749 -0.5459653573350743
-7.263780094696233e-18 -0.9552731241098248 -0.2957249707979619 4.66878999590194
0.14443757106288282 0.2926239736305266 -0.945256048974105 -1.8372297743537402
0.0 0.0 0.0 1.0
84 84 85
0.9886692272198866 -0.04446266655818979 0.1433744413449186 -0.5562394186409653
7.264898491147631e-18 -0.9551260643713543 -0.29619959682364083 4.662525334467878
0.1501104898014535 0.292843426494471 -0.9443037479595985 -1.85069885144071
0.0 0.0 0.0 1.0
85 85 86
0.9878888738329161 -0.04604819146273487 0.1481726594893402 -0.5662852838814141
-1.4532505051355142e-17 -0.954948080786689 -0.29677291487232976 4.656366505888375
0.1551630528094 0.2931786606573378 -0.9433825840972668 -1.8641041274430508
0.0 0.0 0.0 1.0
86 86 87
0.9871889136746611 -0.04746007713926722 0.1523338104157357 -0.5760847405292674
0.0 -0.9547369896031077 -0.29745130808855974 4.650336671894531
0.15955578559814904 0.29364063370305227 -0.9425057716113082 -1.877438803617384
0.0 0.0 0.0 1.0
87 87 88
0.9865848630768145 -0.04868763411819469 0.15581983901825816 -0.5856195760573715
0.0 -0.954490555458346 -0.29824114327305296 4.644458994217448
0.16324922035863781 0.29424019749991753 -0.941685933964985 -1.8906960812203286
0.0 0.0 0.0 1.0
88 88 89
0.986091419344739 -0.0497196706840984 0.15859277108917372 -0.5948715779385731
0.0 -0.9542064841215178 -0.2991487684421444 4.6387566345882245
0.16620382876058615 0.2949880336683448 -0.9409348262753406 -1.903869161508505
0.0 0.0 0.0 1.0
89 89 90
0.9857221679286506 -0.05054437937950579 0.1606146735736859 -0.6038225336457186
-7.274370295660617e-18 -0.9538824148182956 -0.30018051019414477 4.633252754737964
0.1683799502733062 0.29589458327850077 -0.9402630418837067 -1.9169512457385345
0.0 0.0 0.0 1.0
90 90 91
0.9854892729745514 -0.05114921723652137 0.1618476148362441 -0.6124542306516546
1.4554332687121255e-17 -0.9535159121444673 -0.30134267087039757 4.627970516397767
0.1697377178239712 0.2969699696322776 -0.9396797030289173 -1.9299355351670366
0.0 0.0 0.0 1.0
91 91 92
0.9854031508138816 -0.05152078021797054 0.16225362729937928 -0.6207484564292275
1.4560615783037922e-17 -0.9531044575725353 -0.3026415254973501 4.6229330812987355
0.17023698295633152 0.29822391279220845 -0.939192135546732 -1.9428152310506315
0.0 0.0 0.0 1.0
92 92 93
0.9854721258781076 -0.05164467246203766 0.16179467520154076 -0.6286869984512843
7.283815791793852e-18 -0.9526454405566898 -0.3040833184943735 4.618163611171968
0.16983724302190975 0.2996656343207198 -0.9388055275134874 -1.9555835346459385
0.0 0.0 0.0 1.0
93 93 94
0.9857020684682527 -0.05150537106080442 0.16043263062512264 -0.6362516441906708
0.0 -0.9521361492421541 -0.3056742601304903 4.613685267748568
0.1684975733279509 0.30130375048812696 -0.9385225717713881 -1.9682336472095796
0.0 0.0 0.0 1.0
94 94 95
0.9860960137766946 -0.051086087268807534 0.15812926136954064 -0.6434241811202337
-7.292018958339126e-18 -0.9515737607856787 -0.30742052271148085 4.609521212759636
0.16617656758313645 0.3031461519989391 -0.9383430923252557 -1.980758769998175
0.0 0.0 0.0 1.0
95 95 96
0.9866537615572893 -0.050368625238500365 0.15484623468601144 -0.6501863967128199
0.0 -0.9509553312947857 -0.3093282364770867 4.605694607936272
0.16283229042438677 0.30519986807600025 -0.9382636546949583 -1.9931521042683442
0.0 0.0 0.0 1.0
96 96 97
0.9873714558789846 -0.049333239621656366 0.15054514134918695 -0.6565200784412756
7.301963710567224e-18 -0.9502777853942806 -0.311403485186247 4.602228615009579
0.1584222462768864 0.3074709125341345 -0.9382771604542083 -2.005406851276707
0.0 0.0 0.0 1.0
97 97 98
0.9882411444876035 -0.04795849366612476 0.14518754501370912 -0.6624070137784476
0.0 -0.9495379054295597 -0.3136523013664086 4.599146395710656
0.15290336929522366 0.3099641092735103 -0.9383724263960699 -2.0175162122798835
0.0 0.0 0.0 1.0
98 98 99
0.9892503174515647 -0.046221119783276365 0.13873506228765045 -0.6678289901971821
0.0 -0.9487323203173231 -0.31608066120107386 4.596471111770606
0.14623203965608297 0.3126828944334628 -0.9385337490504717 -2.029473388534496
0.0 0.0 0.0 1.0
99 99 100
0.9897762309077891 -0.04525682480285189 0.13525839174977305 -0.6702475116386942
0.0 -0.9483236552061993 -0.31730465640509214 4.595344483309826
0.14262893370551122 0.3140606068661231 -0.9386282131306896 -2.035124532060892
0.0 0.0 0.0 1.0
100 100 101
0.9905799399927042 -0.043713076859224646 0.12977114238362064 -0.6735203562435408
0.0 -0.9476794898861729 -0.3192234083664332 4.5938307035698855
0.13693568740124115 0.31621630470388795 -0.9387522922237618 -2.0432071022098204
0.0 0.0 0.0 1.0
101 101 102
0.9914370150862589 -0.04197086056496093 0.12365715499026207 -0.6765723727313168
7.327686384408374e-18 -0.9469419868557136 -0.32140453252832835 4.592373922877396
0.13058577685509662 0.3186523503650803 -0.9388333369080802 -2.051313620610435
0.0 0.0 0.0 1.0
102 102 103
0.9923327223531431 -0.04002478148015869 0.1169349606177091 -0.6794092400582163
7.33410971432853e-18 -0.946112640004665 -0.3238377254481061 4.590972872182824
0.12359517849495438 0.3213547716945688 -0.9388585317085486 -2.0594420382996086
0.0 0.0 0.0 1.0
103 103 104
0.9932515557235067 -0.03786891688507202 0.1096234107605919 -0.6820366371804342
0.0 -0.9451928362456099 -0.3265126372898601 4.589626282436639
0.11597994245917675 0.32430918495153854 -0.9388142550596655 -2.0675903063142123
0.0 0.0 0.0 1.0
104 104 105
0.9941773447131456 -0.035496939747840565 0.10174170495749275 -0.6844602430541642
0.0 -0.9441838816638051 -0.3294188786427847 4.588332884589312
0.10775624000084326 0.32750078606746563 -0.9386862243934725 -2.075756375691122
0.0 0.0 0.0 1.0
105 105 106
0.9950933601361561 -0.03290224007329828 0.09330941651887725 -0.686685736635601
0.0 -0.9430870266397594 -0.3325460271658312 4.58709140959131
0.09894040940351055 0.3309143435723764 -0.9384596382397747 -2.0839381974672078
0.0 0.0 0.0 1.0
106 106 107
0.9959824178275549 -0.030078043507988757 0.08434651550069712 -0.6887187968809388
-3.68344208196359e-18 -0.9419034899292082 -0.335883634104399 4.585900588393104
0.08954899987368818 0.3345341940040051 -0.9381193152599047 -2.0921337226793426
0.0 0.0 0.0 1.0
107 107 108
0.9968269804642624 -0.027017527045452305 0.0748733881352316 -0.6905651027463723
-3.688411406875176e-18 -0.9406344816867733 -0.33942123071760744 4.584759151945161
0.07959881292142984 0.3383442405216963 -0.9376498301003928 -2.1003409023644006
0.0 0.0 0.0 1.0
108 108 109
0.9976092575428863 -0.023713931643154065 0.06491085202610417 -0.6922303331880955
0.0 -0.9392812254210103 -0.343148334647868 4.583665831197952
0.06910694078550268 0.34232795535513744 -0.9370356459162268 -2.1085576875592533
0.0 0.0 0.0 1.0
109 109 110
0.9983113035424632 -0.020160671529468856 0.05448016650882125 -0.6937201671623027
-7.398764252348345e-18 -0.9378449788699301 -0.34705445625789094 4.582619357101945
0.0580908015037495 0.34646838662703583 -0.9362612433763936 -2.1167820293007735
0.0 0.0 0.0 1.0
110 110 111
0.9989151142702053 -0.016351439947181936 0.04360303767166386 -0.6950402836251884
3.705379373499709e-18 -0.9363270537874079 -0.35112910495399346 4.581618460607609
0.04656817027265336 0.3507481699987132 -0.935311245928333 -2.1250118786258345
0.0 0.0 0.0 1.0
111 111 112
0.9994027213587933 -0.012280311050144651 0.032301617624354906 -0.6961963615329472
0.0 -0.9347288346322192 -0.3553617955085962 4.580661872665414
0.034557206782932275 0.35514954549823796 -0.9341705410639732 -2.1332451865713082
0.0 0.0 0.0 1.0
112 112 113
0.9997562848552745 -0.007941837643049529 0.020598497693532836 -0.6971940798417728
-1.8591931156764963e-18 -0.933051796152763 -0.35974205438911694 4.579748324225828
0.022076478260334823 0.3596543798022677 -0.9328243972992274 -2.1414799041740693
0.0 0.0 0.0 1.0
113 113 114
0.9999581838145505 -0.00333114443166016 0.008516695314554788 -0.6980391175078604
0.0 -0.9312975198618597 -0.3642594260951232 4.578876546239319
0.009144977982780494 0.3642441941554099 -0.9312585765520607 -2.1497139824709874
0.0 0.0 0.0 1.0
114 114 115
0.9999911047850953 0.0015559835669876506 -0.003920365521696945 -0.6987371534874036
2.3329528536036147e-19 -0.9294677093973697 -0.368903479500542 4.578045269656361
-0.004217860913359492 0.3689001980248127 -0.9294594415823477 -2.1579453724989377
0.0 0.0 0.0 1.0
115 115 116
0.9998381280512693 0.006723017817251104 -0.01668888032081028 -0.6992938667365972
9.350961728923564e-19 -0.9275642047657592 -0.373663814193005 4.577253225427419
-0.017992156483684896 0.37360332850323147 -0.927414058140361 -2.1661720252947916
0.0 0.0 0.0 1.0
116 116 117
0.9994828114756288 0.01217260862961709 -0.029764696603915 -0.6997149362116355
0.0 -0.9255889954671577 -0.3785300667979995 4.576499144502962
-0.032157573987677275 0.37833429539132213 -0.9251102914604176 -2.174391891895422
0.0 0.0 0.0 1.0
117 117 118
0.9989092717662431 0.017906513466696156 -0.04312335277898482 -0.7000060408687125
-3.756665712214859e-18 -0.9235442325018834 -0.38349191727141635 4.57578175783346
-0.046693326926165256 0.38307363180983084 -0.9225368967323704 -2.182602923337703
0.0 0.0 0.0 1.0
118 118 119
0.9981022629784196 0.02392553155297624 -0.056740123169281016 -0.7001728596640229
3.765276277656875e-18 -0.9214322392599157 -0.38853909514031854 4.575099796369382
-0.06157818312809855 0.3878017501151394 -0.9196836031865946 -2.190803070658505
0.0 0.0 0.0 1.0
119 119 120
0.9970472520475496 0.030229445137344498 -0.07059006892699693 -0.7002210715537609
-7.548384255688254e-18 -0.9192555212962654 -0.39366138566835746 4.5744519910611965
-0.0767904758705785 0.3924990028178665 -0.9165411914379793 -2.1989902848947027
0.0 0.0 0.0 1.0
120 120 121
0.9957304911402121 0.03681696773705154 -0.08464809448724052 -0.700156355494121
7.566812399840577e-18 -0.9170167749967504 -0.39884863591914055 4.573837072859376
-0.09230811997691153 0.3971457481343695 -0.9131015637513276 -2.2071625170831677
0.0 0.0 0.0 1.0
121 121 122
0.9941390866042451 0.04368569966471353 -0.09888900914905417 -0.6999843904412975
0.0 -0.9147188951402037 -0.40409076068809735 4.573253772714383
-0.10810863279903817 0.40172241973567974 -0.9093578069143263 -2.2153177182607733
0.0 0.0 0.0 1.0
122 122 123
0.9922610642953364 0.05083209110634468 -0.11328759330677961 -0.6997108553514846
7.605392628647655e-18 -0.9123649813646845 -0.4093777482709811 4.572700821576695
-0.12416915995321069 0.4062096001981921 -0.9053042474347167 -2.223453839464392
0.0 0.0 0.0 1.0
123 123 124
0.9900854310577899 0.05825141297859797 -0.12781866879727333 -0.6993414291808769
-1.5251014407672675e-17 -0.9099583435468164 -0.4146996660349922 4.572176950396772
-0.140466505641417 0.41058809760577686 -0.9009364988151822 -2.2315688317308973
0.0 0.0 0.0 1.0
124 124 125
0.9876022321404969 0.06593773574782417 -0.1424571727767972 -0.6988817908856685
0.0 -0.9075025061048668 -0.4200466657567777 4.57168089012509
-0.15697716735598255 0.41483902470456696 -0.8962515007022611 -2.239660646097159
0.0 0.0 0.0 1.0
125 125 126
0.9848026043357505 0.073883916342748 -0.15717823449632226 -0.6983376194220539
-1.5334551639809402e-17 -0.9050012112376927 -0.4254089886900712 4.571211371712115
-0.17367737473120404 0.4189438799698199 -0.8912475497538885 -2.247727233600054
0.0 0.0 0.0 1.0
126 126 127
0.9816788246382873 0.08208159323716394 -0.17195725430594544 -0.6977145937462276
0.0 -0.9024584211130888 -0.4307769703246338 4.570767126108317
-0.19054313227400993 0.42288462990952885 -0.8859243221232217 -2.2557665452764533
0.0 0.0 0.0 1.0
127 127 128
0.9782243542347319 0.09052118971974495 -0.1867699841884769 -0.6970183928143834
1.5421849281712353e-17 -0.8998783190204765 -0.43614104479730115 4.570346884264166
-0.20755026567567186 0.4266437919021011 -0.8802828875136416 -2.2637765321632277
0.0 0.0 0.0 1.0
128 128 129
0.9744338776493124 0.09919192530566964 -0.20159260909933988 -0.6962546955827162
-1.5466760679161772e-17 -0.8972653095041339 -0.4414917489154817 4.569949377130129
-0.224674471378759 0.4302045168458895 -0.8743257148203237 -2.2717551452972526
0.0 0.0 0.0 1.0
129 129 130
0.970303336890119 0.10808183518008076 -0.21640182837491448 -0.6954291810074202
0.0 -0.8946240174944045 -0.4468197257532074 4.569573335656675
-0.2418913690479676 0.43355067088666494 -0.8680566694368651 -2.2797003357153995
0.0 0.0 0.0 1.0
130 130 131
0.9658299604611045 0.11717779749733961 -0.23117493646451803 -0.6945475280446893
3.1117536458338344e-17 -0.8919592864553857 -0.4521157277799563 4.569217490794275
-0.2591765565704226 0.4366669154855586 -0.86148100237012 -2.2876100544545404
0.0 0.0 0.0 1.0
131 131 132
0.9610122871282426 0.12646556829350697 -0.2458899022423342 -0.6936154156507188
0.0 -0.8892761755685722 -0.45737061948285884 4.568880573493396
-0.27650566719064607 0.43953878509448324 -0.8546053313718102 -2.2954822525515493
0.0 0.0 0.0 1.0
132 132 133
0.9558501843535008 0.13592982370341344 -0.26052544616474116 -0.6926385227817025
-3.1306342342440537e-17 -0.8865799559727544 -0.4625753794435548 4.568561314704511
-0.2938544283678205 0.4421527617185124 -0.847437614360676 -2.3033148810432995
0.0 0.0 0.0 1.0
133 133 134
0.9503448613372767 0.14555420910901037 -0.27506111455544346 -0.6916225283938349
3.14021110251412e-17 -0.8838761060811232 -0.46772110183192595 4.568258445378086
-0.3111987219283401 0.4444963456649799 -0.839987115472997 -2.3111058909666626
0.0 0.0 0.0 1.0
134 134 135
0.9444988766383952 0.15532139478334586 -0.28947735032531585 -0.6905731114433099
3.1498537146260545e-17 -0.8811703059970201 -0.47279899728015257 4.567970696464591
-0.3285146450750858 0.4465581218068638 -0.8322643641412962 -2.3188532333585115
0.0 0.0 0.0 1.0
135 135 136
0.938316140370349 0.1652131375353531 -0.3037555594655282 -0.6894959508863219
3.159541610670199e-17 -0.8784684310500799 -0.47780039310198485 4.567696798914492
-0.34577857180642574 0.44832782072288996 -0.8242811076601069 -2.326554859255717
0.0 0.0 0.0 1.0
136 136 137
0.9318019110028583 0.17521034780556938 -0.3178781726908487 -0.6883967256790662
6.33850627554332e-17 -0.8757765444745825 -0.4827167328238786 4.5674354836782625
-0.36296721429272594 0.44979637411834633 -0.8160502577528953 -2.334208719695156
0.0 0.0 0.0 1.0
137 137 138
0.9249627868286904 0.1852931616126646 -0.3318287016544615 -0.6872811147777363
0.0 -0.873100889251728 -0.4875395749965756 4.567185481706369
-0.38005768375616705 0.45095596397810783 -0.8075858317048862 -2.3418127657136987
0.0 0.0 0.0 1.0
138 138 139
0.9178066921866835 0.19544101670602435 -0.3455917892054926 -0.686154797138527
-3.188654516929976e-17 -0.870447879137181 -0.49226059125790583 4.566945523949281
-0.39702755040089865 0.4518000649562796 -0.7989028886718106 -2.3493649483482186
0.0 0.0 0.0 1.0
139 139 140
0.9103428585626903 0.20563273224122122 -0.35915325321500274 -0.6850234517176316
0.0 -0.8678240888946359 -0.49687156362001156 4.566714341357469
-0.41385490194500496 0.452323479564355 -0.790017461813905 -2.356863218635586
0.0 0.0 0.0 1.0
140 140 141
0.9025818007203853 0.2158465912636014 -0.3725001235546511 -0.6838927574712458
3.2078609531153697e-17 -0.8652362437553162 -0.5013643809567956 4.566490664881402
-0.4305184003133275 0.4525223657810458 -0.7809464869372156 -2.3643055276126765
0.0 0.0 0.0 1.0
141 141 142
0.8945352880431997 0.22606042526088302 -0.38562067187371885 -0.6827683933555634
0.0 -0.8626912081222112 -0.5057310346702479 4.566273225471548
-0.44699733606081987 0.4523942567711357 -0.7717077283499383 -2.3716898263163624
0.0 0.0 0.0 1.0
142 142 143
0.8862163112967346 0.23625170002894252 -0.3985044338837947 -0.6816560383267785
0.0 -0.8601959735364836 -0.5099636135172991 4.566060754078374
-0.4632716801096405 0.4519380724668544 -0.7623197026598062 -2.3790140657835144
0.0 0.0 0.0 1.0
143 143 144
0.8776390450475543 0.24639760208618366 -0.4111422239252446 -0.6805613713410856
6.471659156310914e-17 -0.8577576459218419 -0.514054297582094 4.565851981652353
-0.479322132399514 0.45115412283254025 -0.7528016012490834 -2.3862761970510076
0.0 0.0 0.0 1.0
144 144 145
0.8688188059989478 0.2564751248711241 -0.4235261416546845 -0.6794900713546795
-6.489621980826624e-17 -0.8553834321207566 -0.5179953513819547 4.565645639143954
-0.4951301670697945 0.45004410270067524 -0.7431732121664378 -2.393474171155714
0.0 0.0 0.0 1.0
145 145 146
0.8597720075268086 0.2664611539652092 -0.43564957075710575 -0.6784478173237543
0.0 -0.8530806257342088 -0.521779116098882 4.565440457503642
-0.5106780738129664 0.4486110781338995 -0.7334548421697268 -2.4006059391345063
0.0 0.0 0.0 1.0
146 146 147
0.8505161107189312 0.27633255059828754 -0.44750716964914394 -0.6774402882045036
0.0 -0.8508565922741834 -0.5253980009322116 4.565235167681889
-0.5259489950627749 0.44685946433236595 -0.7236672396406018 -2.4076694520242556
0.0 0.0 0.0 1.0
147 147 148
0.8410695722385495 0.28606623271752646 -0.4590948542003769 -0.6764731629531227
-6.54058261273034e-17 -0.8487187536353876 -0.5288444735719507 4.565028500629164
-0.5409269587055755 0.44479499516788157 -0.7138315190709504 -2.414662660861837
0.0 0.0 0.0 1.0
148 148 149
0.8314517893475928 0.295639252931554 -0.47040977255660704 -0.6755521205258057
6.556373968733346e-17 -0.8466745718896547 -0.5321110497964403 4.564819187295935
-0.5555969060305197 0.4424246844848763 -0.7039690877927606 -2.4215835166841226
0.0 0.0 0.0 1.0
149 149 150
0.8216830424367546 0.30502887267997825 -0.48145027220208314 -0.6746828398787469
0.0 -0.8447315324032114 -0.5351902822022484 4.564605958632675
-0.5699447146626403 0.4397567793625287 -0.6941015755873329 -2.4284299705279846
0.0 0.0 0.0 1.0
150 150 151
0.8117844354178934 0.3142126320237329 -0.4922158594458027 -0.6738709999681406
6.58575637535722e-17 -0.8428971262734695 -0.5380747480786726 4.564387545589847
-0.5839572162523998 0.43680070558167033 -0.6842507677672732 -2.435199973430296
0.0 0.0 0.0 1.0
151 151 152
0.8017778343393513 0.32316841450350986 -0.5027071515598196 -0.6731222797501815
-6.599209242357302e-17 -0.8411788320782004 -0.5407570364438675 4.564162679117924
-0.5976222087256293 0.43356700558372985 -0.6744385422757645 -2.4418914764279296
0.0 0.0 0.0 1.0
152 152 153
0.7916858045864453 0.3318745065712913 -0.5129258218342829 -0.6724423581810629
0.0 -0.839584096925963 -0.5432297342644405 4.563930090167375
-0.6109284629286089 0.43006726924642447 -0.6646868112928153 -2.4485024305577565
0.0 0.0 0.0 1.0
153 153 154
0.781531547027526 0.34030965116320766 -0.5228745378443453 -0.6718369142169806
0.0 -0.8381203167924026 -0.5454854118854167 4.563688509688667
-0.6238657235341287 0.42631405783175685 -0.6550174677779665 -2.455030786856652
0.0 0.0 0.0 1.0
154 154 155
