0 0 1
0.8870108331782217 0.07700523752710495 -0.4552823027725448 0.6865047392234095
0.0 -0.9859960370705049 -0.16676874671610256 4.1013556831720335
-0.46174861323503397 0.14792568497273792 -0.8745891663523334 -1.032409114068978
0.0 0.0 0.0 1.0
1 1 2
0.8902364945163911 0.07682025383472038 -0.4489739774551932 0.6708537045364821
-1.40794642352778e-17 -0.985675845039755 -0.16865090721714096 4.107401968392028
-0.4554986101308841 0.1501391924379967 -0.8774846090176733 -1.033082103885385
0.0 0.0 0.0 1.0
2 2 3
0.8934935591376205 0.07657930830036619 -0.44249843990665644 0.6549667034765858
-2.816815142517167e-17 -0.9853531102089266 -0.1705263856463124 4.113527397768838
-0.4490760066843779 0.1523642272379981 -0.8804066574478978 -1.033678148919348
0.0 0.0 0.0 1.0
3 3 4
0.8967763108049174 0.07628222360067945 -0.4358592327135659 0.6388510732726996
1.4088726540811113e-17 -0.9850278353841546 -0.17239536977078848 4.119729510363671
-0.4424841786766193 0.15460008370289727 -0.8833496282559555 -1.0341996417214692
0.0 0.0 0.0 1.0
4 4 5
0.9000790774818783 0.07592886330517705 -0.42905997482467934 0.6225141511538026
-1.409341677693724e-17 -0.9847000218232644 -0.1742580472209614 4.126005845237737
-0.43572658202061854 0.15684602238643655 -0.8863078872390692 -1.0346489748423497
0.0 0.0 0.0 1.0
5 5 6
0.9033962393997252 0.07551913279496134 -0.42210436531778633 0.6059632743488741
1.4098146500612055e-17 -0.9843696692477956 -0.17611460548456928 4.132353941452241
-0.42880675675464136 0.1591012722981261 -0.88927585737761 -1.0350285408325899
0.0 0.0 0.0 1.0
6 6 7
0.9067222370360488 0.0750529801615119 -0.4149961867694919 0.5892057800868921
1.4102915814056912e-17 -0.9840367758546736 -0.17796523190089303 4.138771338068391
-0.4217283306399315 0.16136503318381695 -0.8922480267286906 -1.0353407322427928
0.0 0.0 0.0 1.0
7 7 8
0.9100515789988981 0.0745303970800733 -0.40773930822610027 0.5722490055968366
0.0 -0.9837013383275294 -0.17981011365501004 4.145255574147397
-0.414495022360477 0.16363647785171323 -0.8952189562082972 -1.0355879416235574
0.0 0.0 0.0 1.0
8 8 9
0.9133788498090388 0.07395141965241056 -0.40033768777484613 0.555100288107686
-2.8225147463018906e-17 -0.9833633518476657 -0.18164943777211115 4.151804188750463
-0.40711064432352684 0.16591475454074947 -0.8981832872549821 -1.0357725615254871
0.0 0.0 0.0 1.0
9 9 10
0.9166987175724572 0.07331612921395868 -0.3927953747157603 0.5377669648484193
1.4117462652099315e-17 -0.9830228101046745 -0.18348339111186404 4.158414720938802
-0.39957910506057803 0.16819898932809138 -0.9011357493674279 -1.0358969844991817
0.0 0.0 0.0 1.0
10 10 11
0.9200059415345088 0.072624653100674 -0.38511651133547725 0.520256373048016
-1.4122391795486524e-17 -0.9826797053066999 -0.1853121603628249 4.165084709773617
-0.39190441122957786 0.1704882885723946 -0.904071167507544 -1.0359636030952426
0.0 0.0 0.0 1.0
11 11 12
0.9232953795064995 0.0718771653711785 -0.37730533428531465 0.5025758499354543
-2.825472275124177e-17 -0.982334028190352 -0.18713593203689302 4.1718116943161165
-0.38409066922010593 0.1727817413893057 -0.9069844693601596 -1.0359748098642725
0.0 0.0 0.0 1.0
12 12 13
0.9265619951549375 0.0710738874800773 -0.3693661755669715 0.484732732739714
-1.4132371628614783e-17 -0.981985768030268 -0.18895489246379563 4.178593213627511
-0.37614208636431723 0.17507842215554117 -0.9098706924398788 -1.0359329973568707
0.0 0.0 0.0 1.0
13 13 14
0.9298008651432224 0.07021508889864332 -0.36130346313019307 0.4667343586897732
0.0 -0.9816349126483234 -0.19076922778561123 4.185426806769006
-0.36806297175743613 0.1773773930377658 -0.9127249910352025 -1.0358405581236398
0.0 0.0 0.0 1.0
14 14 15
0.9330071861151343 0.06930108767936226 -0.3531217210877524 0.44858806501461185
0.0 -0.9812814484224927 -0.19257912395131166 4.192310012801809
-0.35985773669259785 0.17967770654233092 -0.915542642979653 -1.0356998847151804
0.0 0.0 0.0 1.0
15 15 16
0.9361762815091444 0.06833225096116104 -0.344825569554075 0.43030118894320796
-1.4147649117396458e-17 -0.9809253602953603 -0.19438476671132857 4.19924037078713
-0.3515308947158291 0.18197840808183408 -0.9183190562393281 -1.0355133696820946
0.0 0.0 0.0 1.0
16 16 17
0.9393036081923054 0.06730899541246202 -0.33641972411480403 0.41188106770454125
-1.415282486473168e-17 -0.9805666317822808 -0.19618634161213414 4.206215419786174
-0.3430870613079364 0.18427853855432585 -0.9210497753060722 -1.0352834055749827
0.0 0.0 0.0 1.0
17 17 18
0.942384762902284 0.06623178760954342 -0.32790899493556214 0.3933350385275904
-1.4158042796546212e-17 -0.9802052449791915 -0.19798403399083314 4.21323269886015
-0.3345309532010547 0.18657713693088904 -0.9237304873852903 -1.0350123849444461
0.0 0.0 0.0 1.0
18 18 19
0.9454154884859631 0.06510114434801972 -0.3192982855190834 0.37467043864133426
0.0 -0.9798411805700745 -0.19977802896976105 4.220289747070267
-0.32586738733854265 0.18887324284720955 -0.9263570283673198 -1.0347027003410871
0.0 0.0 0.0 1.0
19 19 20
0.9483916799229949 0.06391763288560216 -0.310592591120814 0.3558946052747522
1.4168606708996683e-17 -0.9794744178340724 -0.20156851145108232 4.22738410347773
-0.31710127948786293 0.19116589919466936 -0.9289253885712531 -1.0343567443155055
0.0 0.0 0.0 1.0
20 20 21
0.9513093901226722 0.06268187111464463 -0.3017969968339585 0.3370148756568228
-1.4173953492271378e-17 -0.9791049346522541 -0.20335566611138495 4.234513307143748
-0.30823764251698604 0.1934541547064114 -0.931431718250135 -1.0339769094183038
0.0 0.0 0.0 1.0
21 21 22
0.9541648354825795 0.06139452766333049 -0.2929166753558059 0.31803858701652526
-1.4179344065310534e-17 -0.9787327075140362 -0.20513967739626618 4.241674897129532
-0.29928158434574964 0.19573706653375778 -0.93387233284655 -1.033565588200083
0.0 0.0 0.0 1.0
22 22 23
0.9569544011976008 0.060056321924707445 -0.2839568844480047 0.2989730765828386
0.0 -0.9783577115232545 -0.2069207295149047 4.248866412496285
-0.2902383055844655 0.19801370280830632 -0.9362437179877908 -1.033125173211443
0.0 0.0 0.0 1.0
23 23 24
0.9596746463080762 0.05866802401313129 -0.27492296410424427 0.2798256815847418
1.4190258427885843e-17 -0.9779799204038924 -0.20869900643461742 4.256085392305215
-0.28111309687289365 0.20028314518498844 -0.9385425342100059 -1.0326580570029866
0.0 0.0 0.0 1.0
24 24 25
0.962322308476146 0.057230454648029186 -0.2658203334395645 0.2606037392512138
0.0 -0.9775993065054618 -0.2104746918753894 4.263329375617532
-0.2719113359335013 0.20254449136133026 -0.9407656214010154 -1.0321666321253145
0.0 0.0 0.0 1.0
25 25 26
0.9648943084796373 0.05574448496524991 -0.25665448731623913 0.24131458681123338
7.100676855759507e-18 -0.9772158408080417 -0.21224796930437773 4.270595901494443
-0.2626384843536882 0.20479685756815483 -0.9429100029518226 -1.0316532911290286
0.0 0.0 0.0 1.0
26 26 27
0.9673877544132248 0.05421103625661584 -0.24743099272185395 0.22196556149377974
-2.841394103740886e-17 -0.9768294929269697 -0.2140190219303859 4.277882508997156
-0.2533000841123791 0.20703938102695074 -0.9449728896072304 -1.0311204265647296
0.0 0.0 0.0 1.0
27 27 28
0.9697999455870109 0.052631079638638105 -0.2381554849158461 0.20256400052783174
-1.4212634184415147e-17 -0.9764402311171938 -0.2157880326982964 4.285186737186879
-0.24390175386706525 0.20927122236913598 -0.9469516830064231 -1.0305704309830184
0.0 0.0 0.0 1.0
28 28 29
0.9721283761131481 0.051005635651703664 -0.22883366336135805 0.18311724114236855
-7.109172648818714e-18 -0.9760480222772787 -0.21755518428346576 4.292506125124819
-0.23444918501801984 0.21149156801248226 -0.9488439789048607 -1.0300056969344973
0.0 0.0 0.0 1.0
29 29 30
0.9743707381716369 0.049335773791378594 -0.2194712874598076 0.16363262056636899
-1.4224104469654188e-17 -0.975652831953072 -0.21932065908607618 4.299838211872183
-0.22494813756699475 0.2136996324899899 -0.9506475700693627 -1.0294286169697666
0.0 0.0 0.0 1.0
30 30 31
0.9765249249469993 0.047622611973803824 -0.21007417210606824 0.14411747602881203
0.0 -0.975254624341029 -0.22108463922542834 4.307180536490181
-0.21540443578825735 0.2158946607265458 -0.9523604488388374 -1.028841583639428
0.0 0.0 0.0 1.0
31 31 32
0.9785890332281182 0.04586731593749065 -0.2006481830825976 0.1245791447586769
0.0 -0.9748533622911999 -0.22284730653418802 4.314530638040019
-0.205823963730313 0.21807593025878114 -0.9539808093437258 -1.0282469894940822
0.0 0.0 0.0 1.0
32 32 33
0.9805613656641694 0.04407109858413587 -0.19119923231123712 0.1050249639849422
7.120838393650985e-18 -0.974449007309872 -0.2246088425525689 4.321886055582905
-0.19621266056709757 0.22024275339359536 -0.9555070493778622 -1.0276472270843318
0.0 0.0 0.0 1.0
33 33 34
0.9824404326702385 0.04223521926138854 -0.18173327298174366 0.0854622709365872
-7.123817377957673e-18 -0.974041519561881 -0.22636942852245223 4.329244328180047
-0.18657651581781273 0.2223944793009126 -0.956937771917151 -1.027044688960777
0.0 0.0 0.0 1.0
34 34 35
0.9842249539768999 0.0403609829907997 -0.17225629457638295 0.06589840284259069
7.126822088475064e-18 -0.9736308578725797 -0.22812924538143786 4.336602994892652
-0.1769215644548997 0.2245304960363306 -0.9582717862801294 -1.0264417676740187
0.0 0.0 0.0 1.0
35 35 36
0.9859138598187556 0.03844973964447506 -0.1627743178101358 0.04634069693193188
-1.4259705797233512e-17 -0.9732169797294727 -0.22988847375682567 4.34395959478193
-0.16725388191992144 0.2266502324894347 -0.9595081089262364 -1.0258408557746597
0.0 0.0 0.0 1.0
36 36 37
0.987506291757659 0.03650288307422631 -0.15329338950622257 0.026796490433589535
-7.132910193274724e-18 -0.9727998412835165 -0.23164729395951336 4.351311666909087
-0.15757957906733064 0.22875316025365539 -0.9606459638883247 -1.0252443458132996
0.0 0.0 0.0 1.0
37 37 38
0.9890016031370972 0.034521850197284425 -0.14381957742674717 0.0072731205765426505
1.427198873776434e-17 -0.9723793973500827 -0.23340588597781764 4.358656750335331
-0.14790479705625462 0.23083879541369612 -0.9616847828367161 -1.024654630340541
0.0 0.0 0.0 1.0
38 38 39
0.9903993591649612 0.032508120042887875 -0.13435896507829845 -0.012222075410229658
7.139105833480466e-18 -0.9719556014095915 -0.23516442947120994 4.36599238412187
-0.13823570221051518 0.23290670024668003 -0.9626242047728537 -1.0240741019069843
0.0 0.0 0.0 1.0
39 39 40
0.9916993366226987 0.03046321276429511 -0.12491764651231829 -0.03168176029774849
0.0 -0.9715284056078101 -0.23692310376395564 4.37331610732991
-0.1285784808671312 0.23495648483330564 -0.9634640753513736 -1.0235051530632315
0.0 0.0 0.0 1.0
40 40 41
0.992901523199601 0.028388688620996732 -0.11550172113995677 -0.051098596857034925
0.0 -0.9710977607558239 -0.23868208783866593 4.380625459020663
-0.11893933423351691 0.2369878085754724 -0.9642044458301792 -1.0229501763598834
0.0 0.0 0.0 1.0
41 41 42
0.9940061164517419 0.026286146936105276 -0.10611728858098304 -0.07046524785910976
0.0 -0.9706636163296731 -0.2404415603297423 4.387917978255331
-0.10932447327349055 0.23900038161696432 -0.964845571648862 -1.0224115643475402
0.0 0.0 0.0 1.0
42 42 43
0.9950135223858368 0.024157225034096737 -0.09677044356611036 -0.08977437607499417
3.575916576496049e-18 -0.9702259204696655 -0.24220169951672596 4.395191204095125
-0.09974011364205347 0.24099396616397353 -0.9653879106365627 -1.0218917095768054
0.0 0.0 0.0 1.0
43 43 44
0.9959243536690289 0.02200359716424607 -0.08746727091181339 -0.10901864427570915
0.0 -0.9697846199793594 -0.24396268331752943 4.402442675601253
-0.09019247068867207 0.2429683777023725 -0.9658321208511084 -1.0213930045982784
0.0 0.0 0.0 1.0
44 44 45
0.9967394274663351 0.019826973415262326 -0.07821384058638678 -0.12819071523227585
3.579186010807773e-18 -0.9693396603242219 -0.2457246892815651 4.409669931834923
-0.08068775454852022 0.24492348610885037 -0.9661790580519768 -1.0209178419625615
0.0 0.0 0.0 1.0
45 45 46
0.9974597629081899 0.017629098626761874 -0.06901620288559299 -0.14728325171571519
-3.5808434626913356e-18 -0.9688909856299619 -0.24748789458274703 4.416870511857342
-0.07123216534078852 0.24685921665315397 -0.9664297728103443 -1.0204686142202557
0.0 0.0 0.0 1.0
46 46 47
0.9980865781911996 0.015411751303344167 -0.059880383735795885 -0.16628891649704802
-3.5825164048929776e-18 -0.9684385386805392 -0.24925247601237913 4.424041954729717
-0.06183188849276967 0.2487755508888796 -0.9665855072601451 -1.0200477139219628
0.0 0.0 0.0 1.0
47 47 48
0.9986212873158767 0.013176742537132939 -0.05081238014196321 -0.18520037234729558
0.0 -0.967982260915854 -0.25101860997191316 4.431181799513257
-0.052493090207962285 0.2506725274303939 -0.9666476914947231 -1.0196575336182825
0.0 0.0 0.0 1.0
48 48 49
0.9990654964657368 0.010925914944730435 -0.04181815579735075 -0.20401028203747887
-3.5859097989618305e-18 -0.9675220924291141 -0.25278647246557473 4.438287585269169
-0.0432219130959168 0.25255024261364173 -0.9666179396142615 -1.019300465859818
0.0 0.0 0.0 1.0
49 49 50
0.999421000032727 0.00866114162459621 -0.03290363687105902 -0.22271130833861874
1.7938153929427453e-18 -0.9670579719638828 -0.25455623909286107 4.445356851058661
-0.034024471980970215 0.2544088510387572 -0.9664980454297647 -1.0189789031971683
0.0 0.0 0.0 1.0
50 50 51
0.9996897762944967 0.006384325140904576 -0.024074707988975097 -0.24129611402173645
8.973420833395697e-19 -0.9665898369108125 -0.256328085040888 4.452387135942942
-0.024906849906385347 0.256248565992522 -0.9662899778299041 -1.018695238180937
0.0 0.0 0.0 1.0
51 51 52
0.99987398274952 0.004097396539960912 -0.015337208422882494 -0.2597573618578529
0.0 -0.9661176233040577 -0.2581021850766065 4.459375978983217
-0.015875094349723447 0.2580696597489002 -0.9659958758175285 -1.0184518633617243
0.0 0.0 0.0 1.0
52 52 53
0.9999759511165391 0.0018023144052595208 -0.006696928501746913 -0.2780877146179891
0.0 -0.9656412658173781 -0.2598787135388579 4.466320919240694
-0.006935213664546763 0.259872463745962 -0.9656180432231115 -1.0182511712901314
0.0 0.0 0.0 1.0
53 53 54
0.9999981820051979 -0.0004989360427493777 0.001840393741644186 -0.29627983507316613
0.0 -0.9651606977599264 -0.26165784433028527 4.4732194957765845
0.0019068262372427902 0.2616573686376844 -0.9651589431027947 -1.0180955545167594
0.0 0.0 0.0 1.0
54 54 55
0.9999433392650934 -0.002804343796152187 0.010269075676375305 -0.3143263859944049
-4.495612370853845e-19 -0.9646758510717267 -0.26343975090908245 4.480069247652093
0.01064510494894908 0.26342482421919233 -0.9646211918290585 -1.0179874055922105
0.0 0.0 0.0 1.0
55 55 56
0.9998142440207742 -0.0051118728523504185 0.0185834929200372 -0.3322200301527264
0.0 -0.9641866563188434 -0.26522460628058037 4.486867713928427
0.019273750365916588 0.26517533922412595 -0.9640075528823424 -1.0179291170670843
0.0 0.0 0.0 1.0
56 56 57
0.9996138684004573 -0.007419462944227397 0.026778081915857014 -0.3499534303191517
0.0 -0.9636930426882404 -0.2670125829886692 4.493612433666797
0.027786941203974066 0.26690948099290174 -0.9633209303521992 -1.017923081491985
0.0 0.0 0.0 1.0
57 57 58
0.999345328966427 -0.009725030201905132 0.034847342230879604 -0.36751924926470203
0.0 -0.9631949379823402 -0.26880385310704824 4.500300945928408
0.036178909228775986 0.2686278750107063 -0.962564362156759 -1.0179716914175105
0.0 0.0 0.0 1.0
58 58 59
0.9990118798552029 -0.012026467740409316 0.04278583856677603 -0.38491014976039806
0.0 -0.962692268613273 -0.270598588230297 4.5069307897744695
0.044443941186322854 0.270331204314113 -0.9617410129894158 -1.0180773393942637
0.0 0.0 0.0 1.0
59 59 60
0.9986169056356405 -0.014321646167702535 0.050588202475928046 -0.4021187945772609
0.0 -0.9621849595968275 -0.27239695946476955 4.513499504266187
0.0525763804259894 0.2720202087652651 -0.9608541670017378 -1.018242417972846
0.0 0.0 0.0 1.0
60 60 61
0.9981639138931209 -0.01660841400770227 0.058249133776522174 -0.41913784648631175
-3.607720283394632e-18 -0.9616729345461028 -0.2741991374192975 4.52000462846477
0.06057062820845115 0.2736956841925636 -0.959907220231621 -1.0184693197038577
0.0 0.0 0.0 1.0
61 61 62
0.9976565275479504 -0.018884598033084767 0.06576340166152075 -0.4359599682585714
0.0 -0.961156115664859 -0.2760052921957116 4.526443701431426
0.06842114469201535 0.2753584813968311 -0.9589036727856792 -1.0187604371379013
0.0 0.0 0.0 1.0
62 62 63
0.997098476915954 -0.021148003502872922 0.07312584549751976 -0.452577822665061
0.0 -0.9606344237405753 -0.27781559337915684 4.532814262227364
0.07612244959198734 0.2770095050218593 -0.9578471207847629 -1.0191181628255774
0.0 0.0 0.0 1.0
63 63 64
0.9964935915190799 -0.023396414300033235 0.08033137531068613 -0.46898407247680163
3.613601546573224e-18 -0.9601077781372129 -0.2796302100282162 4.53911384991379
0.08366912250887487 0.2786497122882518 -0.9567412480813552 -1.0195448893174877
0.0 0.0 0.0 1.0
64 64 65
0.995845791653584 -0.025627592964547478 0.08737497195816436 -0.48517138046481445
-7.23120753751175e-18 -0.9595760967876872 -0.28144931066482837 4.545340003551912
0.09105580292241967 0.2802801115893715 -0.9555898177573905 -1.0200430091642323
0.0 0.0 0.0 1.0
65 65 66
0.9951590797230627 -0.027839280617690792 0.09425168698456417 -0.5011324094001199
7.23525504273091e-18 -0.959039296186051 -0.28327306326398916 4.551490262202937
0.0982771898496635 0.28190176094812436 -0.9543966634107643 -1.020614914916414
0.0 0.0 0.0 1.0
66 66 67
0.994437531343236 -0.030029196773535258 0.10095664216438043 -0.5168598220537394
0.0 -0.9584972913793894 -0.2851016352432474 4.5575621649280755
0.10532804116649307 0.2835157663332147 -0.9531656802384983 -1.0212629991246338
0.0 0.0 0.0 1.0
67 67 68
0.9936852862249604 -0.032195039034005196 0.10748502873245848 -0.5323462811966939
0.0 -0.957949995959433 -0.28693519345197493 4.563553250788532
0.11220317259337431 0.2851232798333401 -0.9519008159241488 -1.0219896543394915
0.0 0.0 0.0 1.0
68 68 69
0.9929065388414714 -0.03433448266414205 0.11383210630589048 -0.5475844496000049
1.449532758044769e-17 -0.9573973220538862 -0.28877390416041326 4.5694610588455165
0.11889745634726517 0.2867254976876546 -0.9506060613366175 -1.02279727311159
0.0 0.0 0.0 1.0
69 69 70
0.9921055288853157 -0.03644518004459125 0.11999320150202375 -0.5625669900346922
7.251891484632684e-18 -0.956839180317477 -0.29061793304849376 4.575283128160236
0.12540581946300555 0.28832365817063316 -0.9492854410470624 -1.0236882479915301
0.0 0.0 0.0 1.0
70 70 71
0.9912865315198472 -0.03852475999869747 0.12596370625856423 -0.5772865652717779
7.256166292654398e-18 -0.9562754799227313 -0.2924674451944185 4.581016997793898
0.13172324178880163 0.2899190393292461 -0.9479430036700816 -1.024664971529913
0.0 0.0 0.0 1.0
71 71 72
0.9904538474295138 -0.040570826991999445 0.13173907586308164 -0.5917358380822827
-7.260489073593704e-18 -0.9557061285504703 -0.29432260506300256 4.586660206807712
0.1378447536617681 0.29151295657012816 -0.9465828120347787 -1.0257298362773395
0.0 0.0 0.0 1.0
72 72 73
0.989611792672482 -0.0425809602023383 0.13731482670055448 -0.605907471237228
0.0 -0.9551310323800385 -0.29618357649377186 4.592210294262881
0.14376543327085423 0.2931067600941488 -0.9452089331907282 -1.0268852347844113
0.0 0.0 0.0 1.0
73 73 74
0.988764688338405 -0.0445527124592472 0.14268653372894136 -0.6197941275076339
-7.26928207582629e-18 -0.9545500960792601 -0.298050522688814 4.597664799220619
0.14948040371586063 0.2947018321755039 -0.9438254282532043 -1.02813355960173
0.0 0.0 0.0 1.0
74 74 75
0.9879168500133712 -0.046483609051763686 0.14784982769412022 -0.6333884696645221
0.0 -0.9539632227941329 -0.2999236062003642 4.60302126074213
0.1549848297726531 0.2962995842821146 -0.9424363420913837 -1.0294772032798967
0.0 0.0 0.0 1.0
75 75 76
0.9870725770532582 -0.04837114640431927 0.15280039209691718 -0.6466831604789134
0.0 -0.9533703141382558 -0.30180298891814056 4.608277217888622
0.16027391437610713 0.2979014540338049 -0.9410456928625224 -1.0309185583695117
0.0 0.0 0.0 1.0
76 76 77
0.9862361416658763 -0.050212790620887786 0.1575339599263231 -0.6596708627218292
7.282853840231532e-18 -0.9527712701819967 -0.3036888320564071 4.613430209721304
0.16534289483375297 0.2995089019943272 -0.9396574613943887 -1.032460017421178
0.0 0.0 0.0 1.0
77 77 78
0.9854117778014135 -0.052005975898144936 0.16204631017440407 -0.6723442391642899
7.287483464913487e-18 -0.9521659894414046 -0.3055812961407662 4.618477775301381
0.1701870387845608 0.30112340829293266 -0.9382755804174966 -1.0341039729854948
0.0 0.0 0.0 1.0
78 78 79
0.9846036698498031 -0.05374810280898724 0.16633326414982277 -0.6846959525773166
1.4584335127734675e-17 -0.9515543688668678 -0.30748054099467315 4.623417453690067
0.17480163991879535 0.302746469070758 -0.9369039236479312 -1.035852817613066
0.0 0.0 0.0 1.0
79 79 80
0.9838159411427275 -0.055436536458390265 0.1703906816083171 -0.696718665731931
1.4593814277463177e-17 -0.9509363038315173 -0.3093867257256724 4.628246783948561
0.17918201347637924 0.30437959274686927 -0.9355462947207906 -1.0377089438544898
0.0 0.0 0.0 1.0
80 80 81
0.9830526422570531 -0.05706860451425234 0.17421445671993555 -0.7084050413991535
7.301703210279249e-18 -0.950311688119388 -0.31130000871133756 4.632963305138077
0.18332349154275465 0.30602429609832404 -0.9342064159735252 -1.0396747442603698
0.0 0.0 0.0 1.0
81 81 82
0.9823177391155625 -0.05864159511657823 0.1778005138942884 -0.7197477423500053
0.0 -0.949680413913333 -0.31322054758492524 4.637564556319822
0.18722141816279922 0.30768210014816216 -0.9328879170776769 -1.0417526113813067
0.0 0.0 0.0 1.0
82 82 83
0.9816151008799385 -0.06015275466909915 0.1811448034865679 -0.7307394313555072
-1.4622938048325695e-17 -0.9490423717826968 -0.3151484992207223 4.642048076555
0.1908711442949618 0.3093545258547105 -0.9315943235168079 -1.043944937767901
0.0 0.0 0.0 1.0
83 83 84
0.9809484876300354 -0.06159928551821766 0.18424329740859288 -0.741372771186681
0.0 -0.9483974506707514 -0.3170840197190951 4.646411404904822
0.1942680226294233 0.3110430895950987 -0.9303290449076549 -1.0462541159707544
0.0 0.0 0.0 1.0
84 84 85
0.9803215378225842 -0.06297834352499611 0.187091984670672 -0.7516404246145465
1.4642947134132295e-17 -0.9477455378819014 -0.31902726439122026 4.650652080430497
0.1974074022957685 0.3127492984353332 -0.9290953631608779 -1.0486825385404694
0.0 0.0 0.0 1.0
85 85 86
0.9797377555216094 -0.06428703553679196 0.1896868668816328 -0.7615350544101257
1.4653136253551144e-17 -0.9470865190686545 -0.3209783877435042 4.65476764219323
0.20028462348737364 0.31447464517876567 -0.9278964204770974 -1.051232598027645
0.0 0.0 0.0 1.0
86 86 87
0.9792004973920013 -0.06552241676607494 0.19202395373595924 -0.7710493233444387
-1.4663451457252457e-17 -0.9464202782183715 -0.3229375434616734 4.658755629254231
0.20289501203148647 0.31622060318422174 -0.9267352071733056 -1.053906686982885
0.0 0.0 0.0 1.0
87 87 88
0.9787129594469001 -0.06668148808495107 0.19409925851859128 -0.7801758941885074
1.4673895074069966e-17 -0.9457466976397897 -0.3249048843945434 4.662613580674705
0.2052338739357868 0.31798862094453645 -0.9256145493341714 -1.056707197956788
0.0 0.0 0.0 1.0
88 88 89
0.9782781635388074 -0.06776119324496042 0.19590879365959393 -0.7889074297133528
2.9368938953781116e-17 -0.9450656579493317 -0.3268805625374453 4.666339035515863
0.20729648994408523 0.3197801164156642 -0.9245370962822672 -1.0596365234999572
0.0 0.0 0.0 1.0
89 89 90
0.9778989435836744 -0.06875841603282512 0.19744856637258812 -0.7972365926899955
0.0 -0.9443770380571961 -0.328864729015316 4.66992953283891
0.20907811013574185 0.3215964710860088 -0.9235053078608115 -1.062697056162993
0.0 0.0 0.0 1.0
90 90 91
0.9775779315066095 -0.0696699773739965 0.19871457441256163 -0.8051560458894561
0.0 -0.9436807151532435 -0.33085753406543894 4.673382611705053
0.21057394860537398 0.32343902377506933 -0.9225214415221856 -1.0658911884964966
0.0 0.0 0.0 1.0
91 91 92
0.9773175428973421 -0.07049263239708899 0.19970280199043514 -0.8126584520827567
-1.4717001808350753e-17 -0.9429765646926737 -0.3328591270198311 4.676695811175503
0.2117791782614666 0.3253090641499756 -0.9215875392152202 -1.0692213130510702
0.0 0.0 0.0 1.0
92 92 93
0.9771199623631616 -0.07122306747360306 0.20040921588356272 -0.8197364740409177
1.472812399418697e-17 -0.9422644603815031 -0.33486965628727017 4.679866670311467
0.212688925784616 0.32720782594798226 -0.9207054140641191 -1.0726898223773143
0.0 0.0 0.0 1.0
93 93 94
0.9769871285667459 -0.07185789724873337 0.20082976178319653 -0.8263827745349602
0.0 -0.9415442741618457 -0.3368892693349599 4.68289272817415
0.21329826678832858 0.3291364798925116 -0.9198766368318425 -1.0762991090258296
0.0 0.0 0.0 1.0
94 94 95
0.9769207189361157 -0.07239366168052105 0.20096036092182326 -0.8325900163359052
-1.4750801042932788e-17 -0.9408158761970019 -0.3389181126698127 4.685771523824766
0.21360222122755002 0.33109612628986484 -0.9191025221608865 -1.0800515655472194
0.0 0.0 0.0 1.0
95 95 96
0.9769221340339074 -0.07282682310617994 0.20079690702522618 -0.8383508622147736
-1.4762361266463923e-17 -0.9400791348563611 -0.34095633181936336 4.688500596324513
0.21359574910244852 0.33308778729334554 -0.9183841145846257 -1.0839495844920823
0.0 0.0 0.0 1.0
96 96 97
0.9769924815732741 -0.07315376335605789 0.2003352636360899 -0.8436579749425865
-1.477407294795346e-17 -0.9393339167001229 -0.3430040713122899 4.691077484734607
0.2132737465073837 0.3351123988211304 -0.9177221743027961 -1.0879955584110221
0.0 0.0 0.0 1.0
97 97 98
0.9771325600679952 -0.07337078093744812 0.19957126185800078 -0.8485040172903656
0.0 -0.9385800864638386 -0.34506147465855014 4.693499728116253
0.21263104207750502 0.33717080211394673 -0.9171171627152509 -1.0921918798546377
0.0 0.0 0.0 1.0
98 98 99
0.9773428421048577 -0.07347408831229098 0.19850069857075295 -0.8528816520291307
0.0 -0.9378175070427845 -0.34712868432910693 4.695764865530657
0.21166239388800098 0.33926373491832934 -0.9165692277088874 -1.0965409413735319
0.0 0.0 0.0 1.0
99 99 100
0.9776234572270261 -0.07345980929475825 0.1971193351699795 -0.8567835419299031
0.0 -0.9370460394761656 -0.3492058417352606 4.697870436039031
0.21036248686369194 0.3413918222810992 -0.9160781886935816 -1.1010451355183066
0.0 0.0 0.0 1.0
100 100 101
0.9777832367586061 -0.07340996797792045 0.19634387822222574 -0.8584868367694017
0.0 -0.9366721892483973 -0.35020738125946765 4.69882457598311
0.20961856290382183 0.34242690678463755 -0.9158623649850678 -1.103265028606427
0.0 0.0 0.0 1.0
101 101 102
0.9783057271219728 -0.07314992423666723 0.19382206495783183 -0.8625013819740427
0.0 -0.9355865349400484 -0.3530974874434447 4.701374650944908
0.20716636860346843 0.3454372941983008 -0.9152896653500509 -1.1096282321503619
0.0 0.0 0.0 1.0
102 102 103
0.978929931697271 -0.07272499121867944 0.19080687744266234 -0.8653479011186173
0.0 -0.9344280009120705 -0.35615208985975594 4.703790565875049
0.2041964466565865 0.3486479410002512 -0.9147395391088706 -1.1161921326612625
0.0 0.0 0.0 1.0
103 103 104
0.9796493238356131 -0.07213034409328736 0.187308344099803 -0.8670571688051689
0.0 -0.9331975066974713 -0.35936390121104717 4.706071759132737
0.20071672154662712 0.3520506028323304 -0.9142063064412576 -1.1229543074868025
0.0 0.0 0.0 1.0
104 104 105
0.9804566974365906 -0.07136082983029847 0.18333656595907158 -0.8676599596357414
0.0 -0.9318959816426052 -0.36272562550551246 4.70821766907718
0.19673501074220068 0.35563676885875634 -0.9136836565157382 -1.1299123339746562
0.0 0.0 0.0 1.0
105 105 106
0.9813442102146427 -0.07041102336458846 0.1789017296365534 -0.8671870482123779
2.982788664041217e-17 -0.9305243764076936 -0.36622996178777184 4.710227734067585
0.19225904680456282 0.35939765260755974 -0.9131647092512812 -1.1370637894724984
0.0 0.0 0.0 1.0
106 106 107
0.9823034261296497 -0.06927528310894826 0.17401412058832133 -0.8656692091371215
0.0 -0.929083673939853 -0.3698696078598847 4.712101392463158
0.1872965002714994 0.36332418302199476 -0.91264207607224 -1.1444062513280038
0.0 0.0 0.0 1.0
107 107 108
0.9833253570636625 -0.06794780580590938 0.1686841363074287 -0.8631372170120156
0.0 -0.9275748999147133 -0.3736372639983995 4.713838082623111
0.18185500310857758 0.3674069960335162 -0.9121079196619263 -1.1519372968888466
0.0 0.0 0.0 1.0
108 108 109
0.9844005038223835 -0.06642268070133268 0.16292229915725498 -0.8596218464391038
0.0 -0.9259991326432389 -0.37752563667116595 4.715437242906646
0.17594217252903663 0.3716364269449619 -0.9115540127130946 -1.1596545035027013
0.0 0.0 0.0 1.0
109 109 110
0.9855188965358691 -0.06469394301346869 0.15673926855798753 -0.8551538720204288
0.0 -0.92435751244093 -0.3815274422554892 4.716898311672972
0.16956563499342336 0.37600250388978224 -0.9109717956654262 -1.1675554485172428
0.0 0.0 0.0 1.0
110 110 111
0.986670134528008 -0.06275562666131823 0.15014585226648025 -0.8497640683580344
0.0 -0.9226512504571105 -0.38563541075727237 4.718220727281295
0.16273305020948411 0.3804949426106416 -0.9103524334109521 -1.1756377092801453
0.0 0.0 0.0 1.0
111 111 112
0.9878434257187748 -0.060601816205677006 0.14315301651299078 -0.843483210053964
0.0 -0.9208816369625814 -0.3898422895288762 4.719403928090825
0.1554521349618437 0.38510314277825547 -0.9096868709386297 -1.183898863139083
0.0 0.0 0.0 1.0
112 112 113
0.9890276256171149 -0.05822669794552613 0.1357718947814043 -0.8363420717102603
0.0 -0.9190500490944924 -0.3941408469816485 4.720447352460769
0.14773068660969618 0.3898161860489785 -0.9089658878792184 -1.1923364874417313
0.0 0.0 0.0 1.0
113 113 114
0.9902112759557153 -0.055624610101672425 0.12801379504253174 -0.8283714279289671
7.565647599679401e-18 -0.9171579580578494 -0.3985238762874266 4.721350438750331
0.13957660609913972 0.3946228360373903 -0.9081801519014014 -1.200948159535764
0.0 0.0 0.0 1.0
114 114 115
0.991382643011917 -0.05279009200897062 0.11989020527294972 -0.8196020533121278
0.0 -0.9152069357836827 -0.40298419906175204 4.7221126253187204
0.13099792034496424 0.3995115403578802 -0.9073202709000653 -1.209731456768855
0.0 0.0 0.0 1.0
115 115 116
0.9925297556517065 -0.04971793222828755 0.11141279711463624 -0.8100647224617854
7.598449493969603e-18 -0.9131986610444904 -0.40751466902008543 4.722733350525145
0.12200280384468096 0.4044704348669914 -0.9063768439079537 -1.2186839564886809
0.0 0.0 0.0 1.0
116 116 117
0.9936404431261793 -0.0464032154797996 0.10259342755335452 -0.7997902099799835
-7.61566011059508e-18 -0.9111349250281905 -0.412108175596983 4.723212052728809
0.11259959939542465 0.40948735021610744 -0.9053405106527492 -1.2278032360429136
0.0 0.0 0.0 1.0
117 117 118
0.9947023726421611 -0.042841368290419575 0.0934441385163348 -0.7888092904687651
0.0 -0.9090176363724293 -0.41675764751697375 4.7235481702889235
0.10279683779210007 0.4145498208018993 -0.9042019996732245 -1.2370868727792304
0.0 0.0 0.0 1.0
118 118 119
0.9957030867208599 -0.039028203240290125 0.08397715431226603 -0.7771527385301737
0.0 -0.9068488256617184 -0.42145605630476085 4.723741141564692
0.09260325639280476 0.4196450961798509 -0.9029521749005603 -1.2465324440453032
0.0 0.0 0.0 1.0
119 119 120
0.9966300403505958 -0.03495996168651174 0.07420487685891816 -0.764851328766253
7.670416549099149e-18 -0.9046306493905032 -0.42619641972137223 4.7237904049153245
0.08202781644521315 0.42476015498419073 -0.901582080604443 -1.2561375271888071
0.0 0.0 0.0 1.0
120 120 121
0.9974706379318564 -0.03063335483671105 0.06413987866579828 -0.7519358357790454
-3.844836002516697e-18 -0.9023653933958775 -0.4309718051120084 4.723695398700027
0.07107971907524095 0.42988172137571873 -0.9000829845982167 -1.265899699557418
0.0 0.0 0.0 1.0
121 121 122
0.99821227000523 -0.02604560304081763 0.053794893561058696 -0.7384370341705949
0.0 -0.9000554757643014 -0.43577533265054935 4.723455561278006
0.0597684198469851 0.4349962840173891 -0.8984464195933207 -1.2758165384988087
0.0 0.0 0.0 1.0
122 122 123
0.9988423497452201 -0.021194473166590757 0.04318280517333562 -0.7243856985429448
-3.86480296469695e-18 -0.8977034492172783 -0.4406001784650132 4.72307033100847
0.048103641810652936 0.4400901175561572 -0.8966642225905751 -1.285885621360655
0.0 0.0 0.0 1.0
123 123 124
0.9993483491956103 -0.0160783139231057 0.032316633200233584 -0.7098126034981381
3.875126146415686e-18 -0.8953120029815526 -0.44543957762771835 4.722539146250627
0.03609538696299535 0.44514930656865026 -0.89472857219463 -1.2961045254906307
0.0 0.0 0.0 1.0
124 124 125
0.9997178352149813 -0.010696088996614858 0.02120951751568212 -0.6947485236382184
0.0 -0.8928839641499755 -0.45028682699344547 4.721861445363681
0.023753946052635807 0.45015977190771017 -0.8926320237381845 -1.3064708282364108
0.0 0.0 0.0 1.0
125 125 126
0.9999385050942063 -0.005047407864987211 0.00987470018828263 -0.6792242335652289
0.0 -0.8904222985397549 -0.4551352878685409 4.721036666706842
0.01108990667066246 0.45510729936689004 -0.8903675421043897 -1.3169821069456695
0.0 0.0 0.0 1.0
126 126 127
0.9999982218013647 0.0008674458396765007 -0.0016744944980583427 -0.6632705078812128
0.0 -0.8879301110553346 -0.45997838849369976 4.720064248639317
-0.0018858404250624524 0.4599775705607571 -0.8879285321392227 -1.3276359389660815
0.0 0.0 0.0 1.0
127 127 128
0.9998850488034969 0.00704748854567207 -0.013424681911578638 -0.6469181211882136
0.0 -0.8854106455636668 -0.4648096263230039 4.718943629520312
-0.015162096795247212 0.46475619590031186 -0.8853088665505627 -1.3384299016453203
0.0 0.0 0.0 1.0
128 128 129
0.9995872844090761 0.013491013652408632 -0.02536244070115445 -0.6301978480882743
1.9648745704419866e-18 -0.882867284290107 -0.46962257008177477 4.717674247709033
-0.02872735364924956 0.4694287495252523 -0.8825029111971637 -1.349361572331062
0.0 0.0 0.0 1.0
129 129 130
0.9990934955699837 0.0201955712479464 -0.03747433804245281 -0.6131404631834387
-3.941193881119459e-18 -0.8803035467435948 -0.47441086158587004 4.716255541564692
-0.04256979104659672 0.47398080603819454 -0.8795055476787126 -1.3604285283709805
0.0 0.0 0.0 1.0
130 130 131
0.9983925510772277 0.02715795073448257 -0.04974695634316439 -0.5957767410757498
0.0 -0.877723088180169 -0.47916821730522485 4.714686949446491
-0.05667727898819144 0.47839797887049085 -0.8763121931475814 -1.3716283471127495
0.0 0.0 0.0 1.0
131 131 132
0.9974736540806088 0.034374166451887955 -0.06216692123481614 -0.5781374563672511
7.928989180488516e-18 -0.8751296976142062 -0.48388842965467566 4.712967909713638
-0.07103738040692331 0.482665960094977 -0.8729188172737004 -1.3829586059040442
0.0 0.0 0.0 1.0
132 132 133
0.9963263738591152 0.04183944637704399 -0.07472093066610874 -0.5602533836599857
0.0 -0.8725272953870418 -0.48856536799549577 4.711097860725346
-0.08563735605883084 0.4867705614880965 -0.8693219563060721 -1.39441688209254
0.0 0.0 0.0 1.0
133 133 134
0.9949406767659698 0.049548223963143644 -0.08739578490163169 -0.542155297555997
7.976474227336571e-18 -0.8699199303028649 -0.49319297933147693 4.7090762408408136
-0.10046417130735771 0.4906977566322846 -0.8655187241877375 -1.40600075302591
0.0 0.0 0.0 1.0
134 134 135
0.9933069562700404 0.05749413316842871 -0.100178417220272 -0.5238739726573285
0.0 -0.8673117763419277 -0.4977652886839438 4.706902488419253
-0.11550450478465289 0.49443372383952616 -0.8615068206953623 -1.4177077960518285
0.0 0.0 0.0 1.0
135 135 136
0.991416062013723 0.0656700067081584 -0.11305592509971464 -0.505440183566023
1.6049119225472813e-17 -0.8647071289611913 -0.5022763991306913 4.704576041819872
-0.13074475890528792 0.4979648896685829 -0.8572845365898967 -1.4295355885179704
0.0 0.0 0.0 1.0
136 136 137
0.9892593278064745 0.07406787754709286 -0.12601560166721912 -0.48688470488412433
1.6097460130207024e-17 -0.862110400992556 -0.5067204914945264 4.702096339401873
-0.14617107219926379 0.5012779728016417 -0.8528507557808659 -1.4414817077720112
0.0 0.0 0.0 1.0
137 137 138
0.9868285984728835 0.0826789836325744 -0.13904496719237597 -0.46823831121367576
-1.6145859345966755e-17 -0.8595261181487462 -0.5110918236678685 4.699462819524467
-0.16176933342276098 0.5043600280411129 -0.8482049545235654 -1.4535437311616257
0.0 0.0 0.0 1.0
138 138 139
0.9841162554745377 0.0914937758505622 -0.15213180039485968 -0.4495317771567202
0.0 -0.856958914146788 -0.5153847295607017 4.696674920546862
-0.17752519739680436 0.5071984901840351 -0.8433471976856629 -1.4657192360344857
0.0 0.0 0.0 1.0
139 139 140
0.9811152412259828 0.10050192916889451 -0.16526416933930954 -0.4307958773153016
-3.248494410329667e-17 -0.8544135254587734 -0.5195936176600995 4.693732080828263
-0.19342410251590017 0.5097812175300696 -0.8382781321372271 -1.4780057997382678
0.0 0.0 0.0 1.0
140 140 141
0.9778190820267576 0.10969235691377577 -0.17843046169040225 -0.4120613862914628
0.0 -0.8518947856993063 -0.5237129691905029 4.69063373872788
-0.20945128986079145 0.5120965347793651 -0.8329989773358771 -1.4904009996206469
0.0 0.0 0.0 1.0
141 141 142
0.9742219095338212 0.1190532281072079 -0.19161941410391622 -0.393359078687247
4.9014586707118055e-17 -0.8494076196586032 -0.5277373358650167 4.687379332604916
-0.22559182384181167 0.5141332750787082 -0.827511513196382 -1.5029024130292952
0.0 0.0 0.0 1.0
142 142 143
0.9703184807016629 0.12857198777496026 -0.20482014053410935 -0.3747197291046983
0.0 -0.8469570369897382 -0.5316613372190638 4.683968300818581
-0.24183061429193958 0.5158808209782166 -0.8218180653514648 -1.51550761731189
0.0 0.0 0.0 1.0
143 143 144
0.9661041961209597 0.13823538011689807 -0.21802215924398805 -0.3561741121458591
0.0 -0.8445481255579164 -0.5354796575189484 4.680400081728082
-0.25815243992159775 0.5173291440664703 -0.8159214879275942 -1.5282141898161046
0.0 0.0 0.0 1.0
144 144 145
0.9615751166908404 0.14802947441421493 -0.23121541831298353 -0.3377530024127731
0.0 -0.8421860444589834 -0.5391870422390833 4.676674113692624
-0.27454197304054745 0.5184688430592357 -0.8098251439760444 -1.5410197078896128
0.0 0.0 0.0 1.0
145 145 146
0.9567279785645467 0.15793969353152756 -0.24439031944609269 -0.31948717450748354
0.0 -0.8398760167135932 -0.5427782941029493 4.672789835071417
-0.2909838054459322 0.5192911801258278 -0.8035328837152396 -1.55392174888009
0.0 0.0 0.0 1.0
146 146 147
0.9515602063135841 0.16795084485603914 -0.2575377398995958 -0.3014074030320337
0.0 -0.8376233216425704 -0.5462482686841825 4.6687466842236685
-0.30746247536967697 0.5197881152475589 -0.7970490207552738 -1.56691789013521
0.0 0.0 0.0 1.0
147 147 148
0.9460699242612379 0.17804715350121336 -0.2706490523509196 -0.28354446258846705
0.0 -0.8354332869280396 -0.5495918695656002 4.664544099508582
-0.3239624953730531 0.5199523384145196 -0.7903783064893276 -1.5800057090026476
0.0 0.0 0.0 1.0
148 148 149
0.9402559659426003 0.1882122975887811 -0.28371614255396127 -0.26592912777882693
0.0 -0.8333112803638072 -0.5528040430554323 4.660181519285368
-0.34046838107135236 0.5197772994800601 -0.7835259028493368 -1.5931827828300777
0.0 0.0 0.0 1.0
149 149 150
0.9341178816549413 0.19842944541052623 -0.2967314246360774 -0.2485921732051568
-3.3389655968337774e-17 -0.8312627012973282 -0.555879772461518 4.6556583819132324
-0.3569646805672587 0.519257235506584 -0.7764973536346245 -1.6064466889651758
0.0 0.0 0.0 1.0
150 150 151
0.927655944069337 0.2086812942603224 -0.3096878539088413 -0.2315643734694995
-3.3468962791978197e-17 -0.8292929717643158 -0.5588140719258147 4.650974125751383
-0.3734360044677362 0.518387195451572 -0.7692985546320925 -1.619795004755614
0.0 0.0 0.0 1.0
151 151 152
0.9208711518818835 0.21895011071738546 -0.32257893708141816 -0.21487650317389817
-3.3545229768060966e-17 -0.8274075273157169 -0.5616019798231581 4.646128189159026
-0.3898670563560519 0.517163062058898 -0.7619357227549655 -1.6332253075490677
0.0 0.0 0.0 1.0
152 152 153
0.9137652314905355 0.22921777215377975 -0.33539873978282303 -0.19855933692039693
-6.723638243132025e-17 -0.8256118075353122 -0.5642385517299175 4.64112001049537
-0.4062426635879692 0.5155815708373723 -0.7544153644338241 -1.6467351746932115
0.0 0.0 0.0 1.0
153 153 154
0.9063406366915544 0.23946580923292238 -0.3481418913172747 -0.1826436493110388
-6.737515901654664e-17 -0.8239112462447008 -0.5667188529698867 4.635949028119621
-0.4225478082791905 0.5136403260258345 -0.7467442434987542 -1.6603221835357207
0.0 0.0 0.0 1.0
154 154 155
0.8986005463976874 0.2496754491612555 -0.36080358659512124 -0.167160214947867
0.0 -0.8223112613907985 -0.5690379507465859 4.630614680390988
-0.4387676583498126 0.5113378134619024 -0.7389293487947428 -1.6739839114242696
0.0 0.0 0.0 1.0
155 155 156
